8469
0 -1
-1 0
-1 1
-1 2
-1 3
-1 4
-1 5
-1 6
-1 7
-1 8
-1 9
1 10
2 11
3 12
4 13
5 14
-1 15
-1 16
-1 17
-1 18
-1 19
-1 20
-1 21
-1 22
-1 23
6 24
7 25
8 26
9 27
10 28
11 29
12 30
13 31
14 32
15 -1
16 -1
17 -1
18 -1
19 -1
20 -1
21 -1
22 -1
23 -1
24 33
-1 34
25 35
26 36
27 -1
28 -1
29 -1
30 -1
31 -1
32 -1
33 -1
34 -1
35 -1
36 -1
-1 37
-1 38
-1 39
-1 40
37 -1
38 -1
39 41
40 -1
41 42
42 43
43 44
-1 45
44 -1
45 -1
-1 46
46 -1
47 47
-1 48
48 49
-1 50
-1 51
49 -1
50 -1
-1 52
-1 53
51 -1
52 -1
53 -1
-1 54
54 55
-1 56
55 -1
56 57
-1 58
57 59
-1 60
58 61
59 62
60 63
61 64
62 -1
-1 65
63 -1
64 -1
65 -1
66 66
67 -1
68 67
69 68
70 69
71 -1
72 -1
73 -1
74 -1
75 70
76 71
77 -1
-1 72
78 -1
79 -1
80 -1
81 -1
-1 73
-1 74
-1 75
-1 76
-1 77
82 -1
83 -1
84 -1
85 -1
86 -1
-1 78
87 -1
88 -1
89 79
90 -1
91 80
92 -1
93 81
94 82
95 -1
96 -1
97 83
98 84
99 85
100 86
101 -1
102 -1
103 -1
-1 87
104 88
105 -1
-1 89
106 -1
107 90
108 91
-1 92
-1 93
109 94
110 95
111 -1
112 -1
113 -1
114 -1
115 -1
116 -1
117 -1
-1 96
118 97
119 98
120 -1
-1 99
121 -1
122 100
123 -1
124 101
-1 102
-1 103
125 -1
126 -1
127 -1
128 -1
129 -1
130 104
-1 105
131 -1
-1 106
132 -1
133 -1
134 107
135 -1
136 -1
137 -1
138 -1
139 -1
140 -1
141 -1
142 -1
143 -1
144 -1
145 108
146 109
147 110
-1 111
148 112
149 113
150 114
151 115
152 -1
153 -1
154 -1
-1 116
155 117
-1 118
-1 119
-1 120
-1 121
-1 122
-1 123
-1 124
-1 125
-1 126
-1 127
-1 128
-1 129
-1 130
-1 131
-1 132
156 -1
157 -1
158 133
159 134
160 135
161 -1
162 -1
163 -1
-1 136
164 -1
165 137
-1 138
166 -1
-1 139
-1 140
-1 141
-1 142
167 -1
-1 143
168 -1
169 -1
170 -1
171 -1
172 -1
173 -1
174 -1
175 -1
176 -1
177 -1
178 -1
179 -1
180 -1
181 -1
182 -1
183 -1
184 -1
185 -1
186 144
187 145
-1 146
188 147
-1 148
-1 149
189 -1
-1 150
190 151
191 -1
192 -1
-1 152
193 153
194 154
-1 155
-1 156
-1 157
-1 158
-1 159
-1 160
-1 161
-1 162
-1 163
-1 164
195 165
196 -1
197 -1
198 -1
199 -1
200 -1
201 -1
-1 166
-1 167
202 -1
203 -1
204 -1
205 -1
-1 168
206 -1
207 -1
-1 169
-1 170
-1 171
208 -1
209 172
-1 173
-1 174
210 175
211 176
212 -1
-1 177
-1 178
-1 179
-1 180
213 -1
214 181
215 -1
216 182
217 183
218 184
219 185
220 186
221 187
222 188
223 189
224 190
225 -1
226 -1
227 191
-1 192
228 -1
229 -1
230 193
-1 194
-1 195
231 -1
232 196
-1 197
-1 198
-1 199
-1 200
-1 201
233 -1
234 -1
235 -1
236 -1
237 -1
238 -1
239 202
240 -1
241 203
242 -1
243 204
244 -1
-1 205
245 206
246 207
-1 208
247 -1
248 -1
-1 209
249 -1
250 -1
251 -1
252 -1
253 -1
254 -1
255 -1
-1 210
-1 211
256 212
257 -1
-1 213
258 -1
259 214
-1 215
260 216
261 217
262 218
263 219
264 220
-1 221
265 222
266 223
-1 224
267 -1
268 -1
269 -1
270 -1
271 -1
272 -1
273 -1
-1 225
274 -1
275 -1
276 -1
277 -1
-1 226
-1 227
278 -1
279 -1
280 -1
281 -1
282 -1
283 -1
284 -1
285 -1
286 -1
287 -1
288 -1
289 -1
290 -1
-1 228
-1 229
291 230
-1 231
292 -1
293 -1
294 -1
-1 232
295 -1
296 -1
-1 233
-1 234
297 -1
298 -1
299 235
300 -1
301 -1
302 -1
303 -1
304 236
305 237
306 -1
307 -1
308 -1
309 -1
310 -1
311 -1
312 -1
313 -1
314 -1
315 -1
316 -1
317 -1
318 -1
319 -1
320 -1
321 -1
322 -1
323 -1
324 -1
325 -1
326 -1
327 -1
328 -1
329 -1
330 -1
331 -1
332 -1
333 -1
-1 238
334 -1
335 -1
336 -1
337 -1
338 -1
339 -1
-1 239
-1 240
340 -1
341 -1
342 -1
343 -1
-1 241
344 242
345 243
346 244
347 245
348 -1
349 246
350 247
351 248
-1 249
-1 250
-1 251
352 -1
-1 252
353 253
-1 254
354 255
355 256
356 257
-1 258
357 259
-1 260
358 261
359 262
-1 263
360 264
-1 265
361 266
362 267
363 268
-1 269
-1 270
364 271
-1 272
-1 273
-1 274
365 -1
-1 275
366 -1
367 -1
368 -1
369 -1
370 -1
371 -1
372 -1
373 -1
374 -1
-1 276
375 277
-1 278
376 -1
377 -1
-1 279
378 280
379 281
380 -1
-1 282
-1 283
381 -1
382 -1
383 284
-1 285
384 286
385 287
-1 288
-1 289
-1 290
386 -1
387 291
-1 292
-1 293
388 -1
389 -1
-1 294
-1 295
-1 296
-1 297
-1 298
-1 299
390 -1
391 -1
392 -1
393 -1
394 -1
395 -1
396 -1
397 -1
398 -1
399 -1
400 -1
401 300
402 301
403 -1
404 -1
-1 302
405 303
-1 304
406 305
-1 306
407 -1
408 -1
409 -1
-1 307
410 308
411 309
412 -1
413 -1
414 -1
415 -1
416 -1
-1 310
417 311
418 312
419 -1
420 313
-1 314
421 -1
422 315
-1 316
423 -1
-1 317
-1 318
424 -1
425 -1
426 -1
427 319
428 320
-1 321
429 322
430 323
-1 324
431 -1
-1 325
-1 326
-1 327
-1 328
432 -1
433 -1
-1 329
-1 330
434 -1
435 -1
436 -1
437 -1
438 331
-1 332
439 333
440 334
-1 335
-1 336
-1 337
441 -1
442 -1
443 -1
444 -1
445 -1
446 -1
447 -1
448 -1
449 -1
450 -1
451 338
452 339
-1 340
453 341
454 -1
-1 342
-1 343
455 344
456 345
457 346
458 347
-1 348
459 -1
460 349
-1 350
-1 351
461 352
462 353
463 354
464 355
465 356
466 -1
467 -1
468 -1
469 -1
-1 357
470 358
-1 359
471 -1
472 360
473 -1
474 361
475 -1
476 -1
477 -1
478 -1
-1 362
479 -1
480 -1
481 -1
482 -1
483 -1
-1 363
-1 364
484 -1
485 -1
486 -1
487 -1
488 -1
489 -1
490 -1
491 -1
492 -1
-1 365
493 -1
494 -1
-1 366
495 367
496 368
-1 369
497 370
498 -1
-1 371
499 372
-1 373
500 374
-1 375
-1 376
501 -1
502 -1
-1 377
-1 378
-1 379
-1 380
503 381
-1 382
-1 383
504 -1
505 -1
-1 384
506 -1
507 -1
508 -1
509 -1
510 -1
511 -1
512 -1
513 -1
514 385
515 -1
516 -1
517 -1
518 -1
519 -1
-1 386
-1 387
520 388
521 -1
-1 389
-1 390
-1 391
522 -1
523 -1
524 392
525 393
-1 394
526 -1
-1 395
-1 396
527 -1
528 397
529 -1
530 -1
531 398
532 399
533 -1
534 -1
535 400
536 401
-1 402
537 403
538 -1
539 -1
-1 404
-1 405
540 -1
-1 406
-1 407
-1 408
-1 409
-1 410
-1 411
541 412
-1 413
-1 414
542 -1
-1 415
543 -1
-1 416
544 -1
545 417
546 418
547 419
548 420
549 421
550 422
551 -1
-1 423
552 424
553 -1
554 -1
555 425
556 -1
557 -1
558 -1
559 426
-1 427
-1 428
560 -1
561 -1
-1 429
-1 430
-1 431
-1 432
562 433
563 434
564 435
565 -1
-1 436
-1 437
566 -1
567 -1
568 -1
-1 438
-1 439
-1 440
569 -1
-1 441
-1 442
570 443
571 -1
-1 444
572 -1
573 -1
-1 445
574 -1
575 -1
576 -1
577 -1
578 -1
-1 446
579 -1
580 -1
581 -1
582 -1
583 -1
584 -1
585 -1
586 -1
587 -1
588 -1
589 -1
590 -1
-1 447
591 -1
-1 448
592 -1
593 -1
594 -1
595 -1
596 -1
597 -1
598 -1
-1 449
-1 450
-1 451
-1 452
599 453
600 -1
-1 454
601 -1
602 -1
603 -1
604 -1
605 455
-1 456
606 -1
607 -1
608 -1
609 -1
-1 457
-1 458
-1 459
610 -1
-1 460
-1 461
-1 462
-1 463
-1 464
-1 465
-1 466
-1 467
-1 468
611 469
-1 470
612 471
-1 472
-1 473
-1 474
-1 475
-1 476
613 -1
614 -1
615 -1
616 -1
617 -1
-1 477
-1 478
-1 479
618 -1
619 -1
620 -1
621 480
622 -1
-1 481
623 482
-1 483
-1 484
-1 485
-1 486
-1 487
-1 488
624 -1
-1 489
625 -1
-1 490
626 -1
627 -1
628 -1
629 -1
630 -1
-1 491
-1 492
631 493
-1 494
-1 495
-1 496
-1 497
632 498
633 -1
634 499
635 500
636 -1
637 501
-1 502
638 -1
-1 503
639 504
640 505
641 506
-1 507
642 -1
-1 508
643 509
-1 510
644 -1
645 -1
646 -1
647 -1
-1 511
648 -1
649 -1
650 512
651 513
652 -1
-1 514
-1 515
653 516
654 -1
-1 517
-1 518
-1 519
-1 520
655 -1
-1 521
-1 522
656 -1
-1 523
-1 524
-1 525
657 526
658 -1
-1 527
-1 528
-1 529
-1 530
-1 531
-1 532
-1 533
659 -1
660 -1
661 -1
662 -1
663 -1
664 -1
665 -1
666 534
667 -1
668 -1
669 -1
670 535
671 536
-1 537
-1 538
-1 539
-1 540
672 -1
-1 541
-1 542
-1 543
-1 544
-1 545
673 546
674 -1
-1 547
-1 548
675 -1
-1 549
-1 550
-1 551
-1 552
-1 553
676 -1
677 554
678 -1
-1 555
679 -1
680 -1
681 -1
682 -1
683 -1
-1 556
-1 557
684 -1
-1 558
-1 559
685 560
686 561
-1 562
687 563
688 564
-1 565
689 -1
690 -1
-1 566
-1 567
691 568
692 -1
693 -1
694 -1
695 -1
696 569
-1 570
697 -1
698 -1
699 -1
700 -1
701 -1
702 -1
703 -1
704 -1
705 -1
706 -1
707 571
708 572
709 573
710 -1
-1 574
711 -1
712 575
713 576
714 577
-1 578
-1 579
-1 580
715 -1
-1 581
716 582
717 -1
718 583
719 -1
720 -1
721 -1
722 -1
723 -1
724 -1
725 -1
726 -1
727 -1
728 -1
729 -1
730 584
731 -1
732 -1
733 -1
734 -1
735 -1
736 -1
737 -1
-1 585
738 -1
739 -1
740 -1
741 586
742 587
743 -1
744 -1
745 -1
-1 588
746 -1
747 589
748 -1
749 -1
-1 590
750 -1
-1 591
751 -1
752 -1
753 -1
754 -1
755 592
756 -1
757 593
758 594
759 595
-1 596
760 597
761 598
-1 599
762 -1
-1 600
-1 601
-1 602
763 -1
764 -1
765 -1
766 -1
767 -1
768 -1
769 -1
770 -1
771 603
772 -1
773 -1
774 -1
775 -1
776 -1
777 -1
778 -1
779 -1
780 -1
781 -1
782 604
783 -1
-1 605
784 -1
-1 606
785 607
786 608
787 609
788 610
-1 611
-1 612
-1 613
-1 614
789 -1
790 615
791 -1
792 616
793 617
794 618
795 -1
796 -1
797 619
-1 620
798 -1
-1 621
-1 622
-1 623
-1 624
-1 625
-1 626
799 627
-1 628
-1 629
-1 630
800 -1
801 -1
802 -1
-1 631
803 632
804 633
-1 634
805 -1
806 -1
807 -1
-1 635
-1 636
808 -1
809 -1
810 -1
811 -1
812 -1
813 -1
814 -1
815 637
816 638
817 -1
818 -1
819 -1
820 -1
821 -1
-1 639
822 -1
823 -1
824 640
825 -1
826 -1
827 641
-1 642
-1 643
828 -1
829 -1
-1 644
-1 645
-1 646
-1 647
-1 648
830 -1
831 -1
832 649
833 -1
834 -1
835 -1
836 -1
837 -1
838 -1
839 -1
840 -1
841 -1
842 -1
843 -1
844 -1
-1 650
845 -1
846 -1
847 -1
848 -1
849 -1
850 -1
851 -1
-1 651
-1 652
-1 653
852 -1
853 654
854 655
-1 656
-1 657
-1 658
855 659
856 -1
857 -1
858 -1
-1 660
859 -1
860 -1
-1 661
861 -1
862 -1
-1 662
863 -1
864 -1
-1 663
-1 664
-1 665
865 666
866 -1
-1 667
867 -1
868 668
869 669
870 -1
871 -1
872 -1
-1 670
873 671
874 -1
875 -1
876 672
877 -1
-1 673
-1 674
878 -1
879 -1
880 -1
881 -1
882 -1
883 -1
884 -1
885 -1
886 -1
887 -1
888 675
889 676
890 677
891 678
892 -1
893 -1
894 -1
895 -1
896 679
897 -1
898 -1
-1 680
899 -1
900 -1
-1 681
901 -1
902 -1
903 682
904 -1
905 683
906 684
907 -1
908 -1
909 -1
-1 685
-1 686
910 -1
911 -1
-1 687
-1 688
912 -1
913 -1
914 689
-1 690
-1 691
915 -1
916 -1
917 -1
918 692
919 -1
-1 693
920 -1
921 -1
922 694
923 -1
924 695
925 -1
-1 696
-1 697
926 -1
927 -1
-1 698
928 -1
929 -1
930 -1
931 -1
932 -1
933 -1
-1 699
934 700
935 701
936 -1
937 -1
938 702
-1 703
939 704
940 705
-1 706
-1 707
941 -1
942 708
-1 709
943 710
-1 711
944 712
945 713
-1 714
946 715
947 -1
948 716
-1 717
949 -1
950 -1
951 -1
952 -1
953 -1
954 718
-1 719
955 720
956 721
-1 722
957 723
958 724
959 725
960 726
961 727
962 728
963 -1
-1 729
964 -1
965 -1
966 -1
967 730
968 -1
969 -1
970 -1
971 -1
972 -1
-1 731
-1 732
973 -1
974 -1
975 733
-1 734
976 735
977 736
978 737
-1 738
979 -1
980 739
981 740
982 -1
983 741
984 742
985 -1
986 -1
987 -1
988 -1
989 743
990 744
991 745
-1 746
992 747
993 -1
994 -1
995 -1
996 748
997 749
-1 750
-1 751
998 752
-1 753
-1 754
-1 755
999 756
1000 757
-1 758
-1 759
-1 760
-1 761
-1 762
-1 763
-1 764
1001 765
-1 766
-1 767
1002 768
-1 769
-1 770
1003 -1
1004 -1
1005 771
1006 772
1007 773
-1 774
1008 775
1009 776
1010 777
1011 778
1012 779
1013 780
1014 781
1015 782
1016 783
-1 784
1017 785
1018 786
1019 -1
1020 787
1021 -1
1022 -1
1023 788
-1 789
-1 790
1024 791
1025 -1
1026 -1
1027 792
1028 793
-1 794
1029 795
-1 796
-1 797
-1 798
1030 -1
-1 799
-1 800
-1 801
1031 -1
1032 802
-1 803
1033 804
1034 805
1035 806
1036 807
1037 808
-1 809
-1 810
-1 811
-1 812
1038 -1
-1 813
1039 -1
1040 -1
-1 814
-1 815
-1 816
-1 817
-1 818
1041 -1
1042 -1
1043 -1
1044 819
1045 -1
-1 820
1046 821
1047 -1
1048 -1
-1 822
1049 -1
1050 -1
1051 -1
1052 823
1053 824
1054 825
-1 826
1055 827
1056 828
1057 829
1058 830
1059 831
1060 832
1061 833
1062 834
1063 835
1064 836
1065 837
1066 -1
1067 838
1068 839
1069 840
1070 841
1071 842
1072 -1
1073 843
1074 -1
1075 -1
1076 844
1077 845
1078 -1
1079 -1
1080 -1
-1 846
-1 847
-1 848
1081 -1
-1 849
1082 850
-1 851
-1 852
1083 -1
1084 -1
1085 -1
1086 853
1087 -1
1088 854
1089 855
1090 856
1091 -1
1092 -1
1093 -1
-1 857
1094 858
1095 859
1096 -1
1097 -1
-1 860
1098 861
1099 862
-1 863
-1 864
-1 865
1100 -1
1101 866
1102 -1
1103 -1
1104 -1
1105 -1
1106 -1
1107 867
1108 868
1109 -1
1110 869
1111 870
1112 871
1113 872
1114 -1
1115 873
1116 874
1117 875
1118 876
-1 877
1119 -1
-1 878
-1 879
-1 880
1120 881
1121 882
-1 883
-1 884
-1 885
-1 886
-1 887
-1 888
1122 889
1123 890
-1 891
-1 892
1124 -1
1125 -1
-1 893
-1 894
-1 895
-1 896
-1 897
-1 898
1126 899
1127 900
-1 901
1128 902
1129 -1
-1 903
-1 904
1130 -1
1131 -1
1132 -1
1133 -1
1134 905
-1 906
-1 907
-1 908
-1 909
-1 910
1135 -1
-1 911
-1 912
1136 -1
1137 913
1138 -1
1139 914
-1 915
1140 916
-1 917
1141 -1
-1 918
1142 919
1143 920
1144 921
-1 922
1145 923
1146 924
-1 925
1147 926
1148 -1
1149 -1
-1 927
1150 928
-1 929
-1 930
-1 931
-1 932
1151 -1
1152 -1
1153 -1
1154 -1
1155 -1
1156 -1
1157 -1
1158 -1
1159 -1
-1 933
-1 934
-1 935
1160 -1
-1 936
1161 -1
1162 -1
1163 937
-1 938
1164 -1
1165 939
1166 -1
1167 940
-1 941
1168 942
1169 -1
-1 943
-1 944
1170 945
-1 946
1171 947
1172 -1
-1 948
-1 949
1173 -1
-1 950
1174 -1
-1 951
-1 952
-1 953
-1 954
1175 -1
1176 -1
-1 955
-1 956
-1 957
1177 -1
1178 -1
1179 958
1180 -1
-1 959
-1 960
1181 -1
1182 -1
1183 -1
1184 -1
1185 -1
1186 961
1187 962
1188 963
-1 964
-1 965
-1 966
1189 967
-1 968
-1 969
1190 970
-1 971
1191 -1
-1 972
-1 973
1192 -1
1193 -1
1194 -1
1195 -1
1196 -1
1197 -1
1198 -1
-1 974
1199 -1
1200 -1
1201 -1
-1 975
1202 -1
1203 -1
1204 -1
1205 -1
1206 -1
1207 -1
1208 -1
1209 -1
1210 -1
-1 976
1211 -1
1212 977
-1 978
1213 -1
1214 -1
1215 -1
1216 -1
1217 -1
1218 -1
-1 979
1219 980
-1 981
-1 982
-1 983
1220 984
-1 985
1221 986
-1 987
-1 988
1222 -1
-1 989
-1 990
1223 991
-1 992
1224 -1
1225 -1
1226 993
1227 994
-1 995
-1 996
1228 -1
-1 997
-1 998
-1 999
1229 -1
1230 -1
1231 -1
1232 -1
1233 -1
1234 -1
1235 -1
1236 -1
1237 -1
1238 -1
1239 -1
1240 -1
1241 -1
1242 -1
1243 -1
1244 -1
1245 -1
1246 -1
1247 -1
1248 -1
-1 1000
-1 1001
1249 -1
1250 -1
1251 1002
1252 -1
1253 -1
-1 1003
-1 1004
1254 -1
1255 -1
1256 -1
1257 -1
1258 -1
1259 1005
1260 1006
1261 1007
1262 -1
-1 1008
-1 1009
1263 -1
1264 1010
-1 1011
1265 1012
1266 1013
1267 -1
1268 -1
1269 -1
1270 1014
1271 1015
1272 1016
1273 1017
1274 -1
-1 1018
1275 -1
1276 -1
1277 -1
-1 1019
1278 -1
-1 1020
-1 1021
-1 1022
-1 1023
-1 1024
-1 1025
1279 1026
1280 1027
1281 -1
1282 -1
1283 -1
1284 -1
1285 -1
1286 1028
1287 1029
1288 1030
1289 1031
-1 1032
-1 1033
-1 1034
-1 1035
1290 1036
1291 -1
1292 1037
1293 -1
1294 -1
1295 1038
1296 -1
1297 -1
1298 -1
1299 1039
1300 1040
1301 -1
1302 1041
1303 -1
1304 -1
-1 1042
1305 1043
1306 1044
1307 1045
1308 1046
1309 1047
-1 1048
1310 -1
-1 1049
-1 1050
-1 1051
-1 1052
-1 1053
-1 1054
-1 1055
-1 1056
1311 -1
1312 -1
-1 1057
-1 1058
1313 -1
1314 -1
1315 -1
1316 -1
1317 -1
1318 -1
1319 1059
1320 1060
1321 -1
1322 -1
1323 -1
1324 -1
1325 1061
1326 1062
1327 -1
1328 -1
1329 -1
1330 -1
1331 -1
-1 1063
1332 -1
1333 1064
1334 -1
1335 -1
1336 1065
1337 1066
1338 1067
1339 -1
1340 1068
1341 -1
1342 -1
1343 -1
-1 1069
-1 1070
-1 1071
-1 1072
1344 1073
1345 -1
-1 1074
1346 1075
1347 -1
1348 -1
1349 -1
1350 -1
1351 -1
1352 -1
1353 1076
-1 1077
-1 1078
1354 1079
1355 -1
1356 1080
1357 1081
1358 1082
1359 1083
1360 -1
1361 -1
1362 -1
1363 1084
1364 -1
1365 -1
1366 -1
1367 -1
1368 -1
1369 -1
1370 -1
1371 -1
-1 1085
1372 1086
-1 1087
-1 1088
-1 1089
1373 1090
1374 1091
-1 1092
1375 1093
-1 1094
-1 1095
1376 -1
1377 -1
1378 -1
1379 1096
-1 1097
1380 1098
1381 1099
-1 1100
1382 1101
1383 1102
-1 1103
1384 -1
1385 1104
1386 -1
1387 1105
-1 1106
-1 1107
-1 1108
-1 1109
-1 1110
1388 1111
-1 1112
1389 1113
-1 1114
-1 1115
1390 -1
1391 -1
1392 -1
-1 1116
1393 1117
1394 1118
1395 1119
1396 1120
1397 -1
1398 -1
1399 1121
1400 -1
1401 1122
1402 -1
1403 -1
1404 1123
1405 -1
1406 -1
1407 1124
1408 -1
1409 1125
1410 1126
1411 1127
1412 1128
-1 1129
-1 1130
-1 1131
1413 1132
1414 -1
-1 1133
1415 1134
1416 1135
1417 1136
1418 1137
1419 -1
-1 1138
1420 1139
-1 1140
-1 1141
1421 1142
1422 1143
1423 1144
-1 1145
1424 1146
1425 -1
1426 1147
-1 1148
1427 -1
1428 -1
1429 -1
1430 -1
1431 -1
1432 -1
1433 -1
1434 -1
1435 -1
1436 -1
1437 -1
1438 -1
1439 -1
1440 -1
-1 1149
-1 1150
1441 -1
1442 1151
-1 1152
-1 1153
1443 1154
1444 -1
1445 -1
1446 -1
1447 -1
1448 -1
-1 1155
1449 -1
1450 -1
-1 1156
1451 -1
1452 -1
1453 -1
1454 -1
1455 -1
1456 1157
1457 -1
1458 1158
1459 1159
1460 1160
1461 -1
-1 1161
1462 -1
1463 -1
1464 -1
1465 -1
-1 1162
1466 1163
1467 1164
1468 1165
1469 1166
1470 -1
1471 -1
-1 1167
-1 1168
1472 1169
-1 1170
1473 -1
1474 -1
-1 1171
-1 1172
1475 -1
1476 -1
1477 -1
-1 1173
1478 1174
-1 1175
-1 1176
1479 1177
1480 -1
-1 1178
1481 1179
1482 1180
-1 1181
1483 -1
1484 1182
1485 -1
1486 -1
1487 -1
1488 1183
1489 1184
1490 1185
1491 1186
1492 1187
1493 1188
-1 1189
1494 -1
-1 1190
1495 -1
1496 -1
1497 -1
1498 -1
-1 1191
-1 1192
-1 1193
1499 1194
1500 -1
1501 -1
1502 1195
1503 -1
1504 1196
1505 1197
1506 -1
-1 1198
1507 -1
1508 -1
1509 -1
-1 1199
-1 1200
-1 1201
1510 -1
1511 1202
1512 1203
-1 1204
1513 1205
1514 1206
1515 -1
1516 -1
-1 1207
1517 1208
1518 1209
1519 1210
1520 -1
1521 1211
-1 1212
1522 -1
1523 -1
1524 -1
-1 1213
-1 1214
1525 -1
1526 -1
1527 -1
1528 1215
1529 1216
-1 1217
-1 1218
1530 -1
1531 1219
1532 -1
1533 -1
-1 1220
1534 -1
1535 -1
1536 -1
1537 -1
-1 1221
-1 1222
1538 1223
-1 1224
1539 1225
1540 -1
1541 -1
1542 -1
1543 1226
-1 1227
1544 -1
1545 1228
1546 1229
1547 -1
1548 -1
-1 1230
1549 -1
1550 -1
1551 -1
-1 1231
1552 -1
1553 1232
1554 1233
1555 -1
1556 1234
1557 1235
1558 1236
1559 -1
1560 1237
1561 1238
1562 1239
-1 1240
1563 -1
1564 -1
1565 -1
-1 1241
1566 -1
-1 1242
1567 1243
-1 1244
-1 1245
1568 -1
1569 -1
1570 1246
1571 1247
-1 1248
1572 1249
1573 -1
-1 1250
1574 -1
1575 -1
1576 -1
1577 -1
1578 -1
1579 -1
1580 -1
1581 -1
-1 1251
1582 -1
1583 -1
1584 1252
-1 1253
-1 1254
-1 1255
-1 1256
1585 -1
1586 -1
-1 1257
1587 -1
1588 -1
1589 -1
1590 -1
1591 -1
1592 1258
-1 1259
-1 1260
1593 1261
1594 -1
-1 1262
-1 1263
-1 1264
-1 1265
-1 1266
-1 1267
1595 -1
-1 1268
-1 1269
1596 -1
1597 -1
1598 -1
-1 1270
-1 1271
1599 1272
1600 -1
-1 1273
-1 1274
1601 -1
1602 -1
-1 1275
-1 1276
-1 1277
-1 1278
1603 -1
1604 -1
-1 1279
1605 1280
-1 1281
-1 1282
1606 -1
1607 -1
1608 1283
-1 1284
1609 -1
1610 1285
1611 -1
1612 1286
-1 1287
1613 1288
1614 -1
1615 1289
-1 1290
1616 -1
1617 -1
1618 -1
1619 -1
1620 1291
1621 -1
1622 -1
1623 -1
1624 -1
-1 1292
1625 -1
1626 -1
-1 1293
1627 1294
-1 1295
-1 1296
1628 1297
1629 -1
1630 -1
1631 -1
1632 -1
1633 -1
-1 1298
1634 -1
1635 -1
1636 1299
1637 -1
1638 1300
1639 -1
-1 1301
1640 1302
1641 -1
1642 1303
1643 1304
-1 1305
1644 -1
-1 1306
-1 1307
1645 -1
1646 -1
-1 1308
-1 1309
1647 1310
1648 -1
1649 -1
1650 -1
-1 1311
-1 1312
1651 -1
1652 -1
1653 -1
-1 1313
-1 1314
-1 1315
-1 1316
1654 -1
1655 -1
1656 -1
-1 1317
1657 -1
1658 -1
1659 1318
1660 1319
1661 1320
1662 1321
1663 1322
1664 1323
1665 -1
1666 1324
1667 1325
1668 1326
1669 1327
1670 -1
1671 -1
1672 -1
-1 1328
1673 -1
1674 -1
-1 1329
-1 1330
-1 1331
-1 1332
-1 1333
1675 -1
1676 1334
-1 1335
1677 -1
1678 1336
-1 1337
-1 1338
1679 -1
1680 -1
1681 -1
-1 1339
1682 1340
-1 1341
1683 -1
1684 -1
1685 -1
1686 -1
1687 -1
1688 -1
1689 -1
1690 -1
1691 -1
-1 1342
1692 1343
-1 1344
-1 1345
1693 -1
1694 -1
1695 1346
1696 -1
1697 1347
1698 1348
1699 -1
1700 1349
1701 -1
1702 -1
1703 -1
1704 -1
1705 -1
1706 -1
1707 1350
1708 1351
-1 1352
1709 1353
1710 -1
-1 1354
-1 1355
-1 1356
-1 1357
-1 1358
-1 1359
-1 1360
1711 -1
1712 1361
1713 -1
-1 1362
1714 -1
1715 -1
1716 -1
1717 -1
1718 -1
-1 1363
1719 -1
-1 1364
1720 1365
-1 1366
-1 1367
-1 1368
-1 1369
1721 -1
1722 -1
1723 1370
1724 -1
1725 -1
1726 1371
1727 1372
1728 -1
1729 -1
-1 1373
-1 1374
1730 1375
1731 1376
1732 1377
-1 1378
-1 1379
1733 -1
1734 -1
1735 -1
-1 1380
-1 1381
-1 1382
1736 -1
1737 -1
-1 1383
-1 1384
-1 1385
1738 1386
1739 1387
1740 1388
-1 1389
1741 -1
1742 -1
1743 -1
1744 -1
1745 -1
1746 -1
1747 -1
1748 -1
1749 -1
1750 -1
-1 1390
1751 1391
-1 1392
-1 1393
1752 1394
-1 1395
-1 1396
-1 1397
-1 1398
-1 1399
-1 1400
-1 1401
1753 -1
1754 -1
1755 -1
1756 -1
1757 -1
1758 -1
1759 -1
1760 -1
1761 -1
1762 1402
1763 -1
1764 1403
1765 1404
1766 -1
1767 -1
1768 1405
-1 1406
-1 1407
-1 1408
1769 1409
1770 1410
1771 -1
1772 -1
1773 -1
-1 1411
-1 1412
-1 1413
-1 1414
1774 1415
-1 1416
1775 1417
1776 1418
-1 1419
1777 -1
1778 -1
1779 -1
1780 -1
1781 -1
1782 -1
1783 -1
1784 -1
1785 -1
1786 -1
1787 -1
1788 -1
1789 -1
1790 -1
1791 -1
1792 -1
1793 -1
1794 -1
1795 -1
1796 -1
1797 -1
1798 -1
1799 -1
-1 1420
1800 1421
-1 1422
1801 1423
-1 1424
-1 1425
-1 1426
-1 1427
1802 1428
-1 1429
-1 1430
-1 1431
1803 1432
1804 -1
1805 -1
-1 1433
-1 1434
1806 -1
1807 -1
1808 1435
1809 1436
1810 -1
1811 -1
1812 -1
1813 -1
1814 -1
1815 -1
1816 -1
1817 -1
-1 1437
-1 1438
1818 -1
1819 -1
1820 1439
-1 1440
1821 1441
1822 1442
1823 1443
1824 1444
1825 1445
1826 1446
1827 -1
1828 -1
1829 -1
1830 -1
1831 1447
1832 1448
1833 1449
-1 1450
1834 1451
1835 -1
1836 -1
1837 -1
1838 -1
1839 -1
1840 -1
1841 -1
1842 -1
1843 -1
-1 1452
1844 -1
1845 -1
1846 -1
1847 -1
1848 -1
1849 -1
-1 1453
1850 -1
1851 -1
1852 1454
1853 1455
1854 1456
1855 1457
1856 1458
-1 1459
1857 1460
1858 -1
1859 -1
1860 1461
1861 -1
1862 1462
1863 1463
1864 1464
-1 1465
1865 -1
1866 -1
1867 -1
1868 -1
1869 -1
1870 1466
-1 1467
1871 -1
1872 -1
1873 1468
1874 1469
1875 1470
1876 1471
1877 -1
1878 1472
-1 1473
1879 1474
1880 1475
-1 1476
1881 1477
1882 1478
-1 1479
-1 1480
1883 -1
1884 1481
1885 1482
1886 1483
1887 -1
1888 -1
-1 1484
-1 1485
-1 1486
-1 1487
1889 -1
1890 1488
-1 1489
1891 -1
1892 -1
1893 -1
-1 1490
1894 -1
1895 -1
1896 -1
1897 -1
1898 -1
1899 1491
1900 1492
1901 -1
-1 1493
-1 1494
-1 1495
1902 1496
1903 1497
1904 -1
-1 1498
1905 1499
1906 1500
1907 1501
1908 1502
1909 1503
-1 1504
-1 1505
1910 -1
1911 -1
1912 1506
1913 1507
-1 1508
-1 1509
-1 1510
-1 1511
1914 1512
-1 1513
-1 1514
1915 1515
1916 1516
1917 -1
-1 1517
1918 1518
1919 1519
1920 1520
1921 1521
1922 -1
1923 1522
1924 1523
1925 -1
1926 -1
1927 1524
1928 1525
1929 -1
1930 -1
1931 -1
-1 1526
-1 1527
1932 -1
-1 1528
1933 -1
1934 -1
-1 1529
-1 1530
1935 1531
-1 1532
-1 1533
1936 1534
-1 1535
1937 1536
1938 -1
1939 1537
1940 1538
-1 1539
-1 1540
-1 1541
1941 1542
-1 1543
1942 1544
1943 1545
1944 1546
-1 1547
-1 1548
-1 1549
-1 1550
1945 1551
-1 1552
1946 1553
-1 1554
1947 1555
-1 1556
1948 -1
1949 -1
1950 -1
1951 -1
1952 -1
1953 -1
1954 -1
1955 -1
1956 -1
-1 1557
-1 1558
-1 1559
1957 1560
1958 1561
-1 1562
1959 -1
1960 -1
1961 -1
1962 -1
1963 -1
1964 -1
1965 -1
-1 1563
-1 1564
-1 1565
1966 1566
-1 1567
-1 1568
1967 -1
-1 1569
1968 -1
-1 1570
-1 1571
1969 1572
1970 1573
1971 1574
1972 1575
1973 1576
1974 1577
1975 1578
-1 1579
1976 1580
1977 1581
-1 1582
1978 1583
-1 1584
1979 1585
-1 1586
-1 1587
1980 1588
-1 1589
1981 -1
1982 1590
1983 -1
1984 -1
1985 1591
1986 -1
1987 1592
-1 1593
-1 1594
-1 1595
-1 1596
1988 1597
1989 1598
1990 1599
1991 -1
1992 -1
1993 -1
1994 -1
1995 -1
-1 1600
1996 -1
1997 -1
1998 1601
1999 1602
2000 1603
2001 -1
2002 -1
2003 1604
2004 -1
-1 1605
2005 -1
2006 -1
2007 -1
-1 1606
2008 1607
2009 1608
2010 1609
2011 -1
-1 1610
2012 -1
2013 -1
2014 -1
2015 1611
2016 1612
2017 1613
2018 -1
2019 -1
-1 1614
2020 1615
-1 1616
2021 1617
2022 1618
2023 -1
2024 -1
2025 -1
2026 -1
-1 1619
-1 1620
2027 -1
2028 -1
2029 -1
2030 -1
2031 -1
2032 -1
-1 1621
2033 1622
2034 1623
2035 -1
2036 -1
2037 -1
2038 -1
2039 -1
2040 -1
2041 -1
2042 -1
2043 -1
2044 -1
2045 -1
2046 -1
2047 -1
2048 1624
2049 1625
2050 -1
2051 1626
2052 1627
-1 1628
-1 1629
2053 1630
2054 1631
-1 1632
2055 -1
2056 -1
2057 -1
2058 -1
2059 -1
-1 1633
2060 1634
2061 1635
2062 1636
2063 -1
2064 -1
2065 -1
2066 -1
2067 -1
-1 1637
2068 1638
2069 1639
2070 1640
2071 1641
2072 1642
2073 1643
2074 -1
-1 1644
2075 -1
2076 -1
-1 1645
-1 1646
-1 1647
-1 1648
2077 -1
2078 -1
2079 -1
2080 1649
-1 1650
2081 -1
2082 1651
-1 1652
2083 -1
-1 1653
-1 1654
-1 1655
2084 1656
-1 1657
-1 1658
2085 1659
-1 1660
-1 1661
2086 1662
2087 -1
-1 1663
-1 1664
-1 1665
2088 -1
-1 1666
-1 1667
-1 1668
-1 1669
-1 1670
2089 -1
-1 1671
2090 1672
-1 1673
-1 1674
2091 1675
2092 -1
-1 1676
2093 1677
2094 1678
-1 1679
2095 1680
2096 1681
2097 -1
2098 -1
2099 -1
2100 -1
2101 -1
2102 -1
-1 1682
-1 1683
-1 1684
-1 1685
-1 1686
2103 -1
2104 -1
2105 -1
2106 -1
2107 -1
2108 -1
-1 1687
2109 -1
2110 1688
-1 1689
2111 -1
2112 1690
2113 1691
2114 -1
2115 1692
-1 1693
2116 -1
2117 -1
2118 1694
2119 1695
2120 1696
-1 1697
2121 1698
2122 -1
-1 1699
-1 1700
2123 1701
2124 -1
2125 1702
2126 -1
2127 1703
2128 -1
-1 1704
2129 1705
2130 -1
2131 1706
2132 1707
2133 1708
2134 1709
-1 1710
-1 1711
-1 1712
-1 1713
2135 -1
2136 -1
-1 1714
2137 1715
2138 -1
2139 1716
-1 1717
-1 1718
2140 -1
2141 1719
-1 1720
2142 -1
2143 1721
2144 1722
2145 -1
2146 -1
2147 1723
-1 1724
-1 1725
2148 -1
2149 -1
-1 1726
2150 1727
-1 1728
2151 1729
2152 -1
2153 -1
2154 1730
2155 1731
-1 1732
-1 1733
-1 1734
-1 1735
-1 1736
2156 1737
-1 1738
-1 1739
2157 1740
2158 -1
2159 1741
2160 -1
2161 -1
-1 1742
-1 1743
-1 1744
-1 1745
2162 -1
-1 1746
2163 -1
-1 1747
-1 1748
2164 -1
-1 1749
-1 1750
-1 1751
-1 1752
-1 1753
-1 1754
-1 1755
-1 1756
2165 1757
-1 1758
2166 1759
2167 -1
2168 -1
2169 1760
2170 1761
2171 -1
2172 -1
2173 1762
2174 1763
-1 1764
-1 1765
-1 1766
2175 -1
-1 1767
-1 1768
2176 -1
2177 1769
-1 1770
-1 1771
-1 1772
2178 -1
2179 1773
-1 1774
2180 -1
-1 1775
-1 1776
-1 1777
2181 -1
2182 1778
2183 1779
-1 1780
-1 1781
-1 1782
2184 1783
-1 1784
-1 1785
-1 1786
2185 1787
2186 -1
2187 -1
-1 1788
2188 1789
-1 1790
-1 1791
-1 1792
2189 1793
-1 1794
-1 1795
2190 -1
2191 -1
2192 -1
2193 -1
2194 -1
2195 1796
-1 1797
-1 1798
-1 1799
-1 1800
2196 1801
-1 1802
-1 1803
2197 1804
-1 1805
-1 1806
-1 1807
2198 1808
2199 1809
2200 -1
-1 1810
-1 1811
2201 -1
2202 -1
2203 -1
2204 -1
2205 -1
2206 -1
2207 -1
2208 -1
2209 -1
2210 -1
2211 -1
2212 -1
2213 -1
2214 -1
-1 1812
2215 1813
-1 1814
-1 1815
-1 1816
-1 1817
-1 1818
-1 1819
-1 1820
2216 -1
2217 -1
-1 1821
2218 -1
2219 -1
2220 -1
2221 -1
2222 -1
2223 -1
-1 1822
2224 -1
-1 1823
2225 -1
-1 1824
2226 -1
2227 -1
2228 -1
2229 1825
2230 1826
2231 -1
2232 -1
2233 -1
2234 1827
-1 1828
-1 1829
-1 1830
2235 -1
2236 -1
2237 -1
2238 -1
2239 -1
2240 -1
2241 -1
2242 -1
2243 -1
2244 -1
2245 -1
2246 -1
2247 -1
2248 -1
2249 -1
2250 -1
2251 -1
2252 -1
2253 -1
2254 -1
2255 -1
2256 -1
2257 -1
2258 -1
2259 -1
2260 -1
2261 -1
2262 -1
2263 -1
2264 -1
-1 1831
2265 -1
-1 1832
-1 1833
-1 1834
-1 1835
2266 -1
-1 1836
-1 1837
-1 1838
-1 1839
-1 1840
2267 -1
2268 1841
2269 -1
2270 1842
2271 1843
2272 1844
2273 1845
2274 -1
2275 -1
2276 -1
-1 1846
2277 1847
2278 -1
2279 -1
2280 -1
2281 -1
2282 -1
2283 -1
2284 -1
2285 -1
2286 -1
2287 -1
2288 1848
2289 -1
-1 1849
-1 1850
-1 1851
2290 1852
2291 -1
-1 1853
-1 1854
-1 1855
2292 1856
2293 1857
2294 1858
2295 1859
2296 1860
-1 1861
-1 1862
-1 1863
2297 -1
2298 -1
-1 1864
-1 1865
-1 1866
2299 1867
2300 -1
2301 1868
2302 1869
2303 1870
2304 1871
-1 1872
2305 -1
2306 -1
2307 -1
2308 1873
2309 1874
2310 1875
-1 1876
2311 -1
-1 1877
-1 1878
2312 1879
-1 1880
2313 -1
2314 -1
-1 1881
-1 1882
-1 1883
-1 1884
-1 1885
-1 1886
2315 -1
2316 -1
2317 -1
2318 -1
2319 -1
2320 -1
2321 -1
2322 -1
2323 -1
2324 -1
2325 -1
2326 -1
2327 -1
2328 -1
2329 -1
-1 1887
2330 1888
-1 1889
-1 1890
2331 -1
2332 -1
-1 1891
2333 -1
-1 1892
2334 -1
2335 -1
2336 1893
2337 -1
2338 -1
2339 -1
-1 1894
2340 1895
2341 -1
-1 1896
-1 1897
-1 1898
2342 -1
-1 1899
-1 1900
2343 -1
-1 1901
-1 1902
-1 1903
-1 1904
-1 1905
-1 1906
-1 1907
2344 -1
-1 1908
2345 -1
2346 -1
2347 -1
2348 -1
2349 1909
2350 -1
-1 1910
2351 -1
2352 -1
2353 -1
2354 -1
2355 -1
2356 -1
2357 1911
-1 1912
-1 1913
2358 1914
-1 1915
2359 -1
2360 -1
2361 1916
-1 1917
2362 1918
-1 1919
-1 1920
2363 -1
2364 1921
-1 1922
-1 1923
-1 1924
-1 1925
2365 1926
2366 -1
2367 1927
2368 -1
2369 -1
2370 -1
2371 -1
2372 -1
2373 -1
2374 -1
2375 -1
2376 -1
2377 -1
2378 -1
2379 -1
2380 -1
2381 -1
2382 -1
2383 -1
2384 -1
2385 -1
2386 1928
2387 -1
-1 1929
-1 1930
2388 -1
2389 -1
2390 -1
2391 -1
2392 -1
2393 -1
2394 -1
2395 -1
2396 -1
2397 -1
2398 -1
2399 -1
2400 -1
2401 -1
2402 -1
2403 -1
-1 1931
2404 -1
2405 -1
2406 -1
2407 -1
2408 -1
2409 -1
2410 -1
2411 1932
-1 1933
-1 1934
-1 1935
-1 1936
2412 -1
2413 -1
2414 1937
2415 -1
2416 -1
2417 -1
-1 1938
2418 -1
2419 1939
2420 -1
2421 -1
-1 1940
2422 -1
2423 1941
2424 1942
2425 1943
2426 1944
-1 1945
-1 1946
2427 -1
-1 1947
-1 1948
2428 -1
-1 1949
2429 -1
2430 -1
2431 -1
2432 -1
2433 -1
2434 -1
2435 -1
2436 -1
2437 -1
2438 -1
2439 -1
2440 -1
2441 -1
2442 -1
2443 1950
2444 1951
2445 -1
-1 1952
-1 1953
-1 1954
-1 1955
-1 1956
2446 -1
-1 1957
-1 1958
-1 1959
-1 1960
-1 1961
2447 -1
2448 -1
2449 -1
2450 -1
2451 -1
2452 1962
2453 -1
2454 -1
2455 -1
2456 -1
2457 -1
2458 -1
-1 1963
-1 1964
2459 -1
2460 1965
2461 1966
2462 -1
-1 1967
2463 -1
2464 1968
-1 1969
2465 -1
2466 -1
2467 -1
2468 -1
-1 1970
-1 1971
2469 -1
2470 -1
2471 -1
2472 -1
2473 -1
-1 1972
2474 -1
2475 -1
2476 1973
2477 -1
2478 -1
-1 1974
-1 1975
-1 1976
2479 -1
-1 1977
-1 1978
-1 1979
-1 1980
-1 1981
2480 1982
2481 -1
-1 1983
2482 -1
2483 -1
-1 1984
2484 -1
2485 -1
2486 -1
2487 -1
2488 -1
2489 -1
2490 -1
2491 -1
2492 -1
2493 -1
-1 1985
-1 1986
-1 1987
2494 1988
2495 -1
2496 -1
-1 1989
2497 -1
2498 -1
2499 -1
2500 1990
2501 -1
2502 -1
2503 -1
2504 -1
2505 -1
2506 -1
2507 -1
-1 1991
2508 -1
2509 -1
2510 -1
2511 -1
2512 -1
-1 1992
2513 -1
2514 -1
2515 -1
2516 -1
2517 -1
2518 -1
-1 1993
2519 -1
2520 -1
2521 -1
2522 -1
2523 -1
2524 -1
-1 1994
2525 -1
2526 -1
2527 -1
2528 -1
2529 -1
2530 -1
2531 -1
2532 -1
2533 -1
2534 -1
2535 -1
2536 -1
2537 -1
2538 -1
2539 -1
2540 -1
2541 -1
2542 -1
2543 -1
2544 -1
2545 -1
2546 1995
2547 1996
-1 1997
-1 1998
2548 -1
2549 -1
2550 -1
2551 -1
-1 1999
-1 2000
2552 -1
-1 2001
2553 -1
-1 2002
2554 -1
2555 2003
2556 2004
-1 2005
-1 2006
-1 2007
2557 2008
2558 2009
2559 -1
2560 2010
2561 -1
2562 2011
2563 2012
2564 -1
2565 -1
2566 -1
2567 -1
-1 2013
-1 2014
2568 2015
2569 -1
2570 2016
2571 -1
2572 -1
-1 2017
2573 -1
2574 -1
2575 2018
2576 2019
2577 2020
-1 2021
-1 2022
-1 2023
-1 2024
2578 -1
2579 2025
2580 2026
2581 -1
2582 -1
2583 -1
2584 2027
-1 2028
2585 -1
2586 -1
2587 -1
2588 -1
2589 -1
2590 -1
2591 -1
2592 -1
2593 -1
2594 -1
2595 -1
2596 -1
2597 -1
2598 -1
2599 -1
2600 -1
2601 -1
2602 -1
2603 -1
2604 -1
2605 -1
2606 2029
2607 -1
2608 -1
2609 -1
2610 -1
-1 2030
-1 2031
-1 2032
-1 2033
-1 2034
-1 2035
-1 2036
-1 2037
-1 2038
2611 -1
2612 -1
2613 -1
2614 2039
-1 2040
2615 -1
2616 2041
2617 -1
2618 -1
2619 2042
2620 2043
-1 2044
-1 2045
2621 2046
2622 -1
2623 -1
2624 -1
2625 2047
2626 2048
2627 2049
2628 2050
2629 2051
-1 2052
2630 -1
-1 2053
-1 2054
2631 -1
2632 -1
-1 2055
-1 2056
2633 -1
2634 -1
2635 -1
2636 2057
-1 2058
2637 -1
2638 -1
2639 -1
2640 2059
-1 2060
2641 2061
-1 2062
2642 2063
2643 -1
-1 2064
-1 2065
-1 2066
2644 2067
2645 2068
2646 2069
2647 2070
2648 2071
2649 -1
2650 -1
2651 2072
2652 -1
-1 2073
2653 -1
2654 -1
-1 2074
2655 2075
-1 2076
2656 2077
-1 2078
2657 2079
2658 2080
2659 2081
2660 2082
2661 2083
2662 2084
-1 2085
2663 -1
2664 -1
2665 -1
2666 -1
2667 -1
-1 2086
-1 2087
2668 2088
2669 2089
2670 2090
2671 -1
2672 -1
-1 2091
2673 2092
2674 2093
2675 2094
2676 2095
2677 -1
2678 -1
2679 -1
-1 2096
2680 2097
2681 -1
2682 -1
2683 2098
2684 -1
2685 -1
2686 -1
2687 -1
2688 2099
2689 2100
2690 -1
2691 2101
2692 2102
2693 2103
-1 2104
2694 -1
-1 2105
-1 2106
2695 2107
-1 2108
2696 2109
2697 -1
2698 -1
2699 -1
2700 -1
2701 -1
2702 -1
2703 -1
2704 -1
2705 -1
2706 -1
2707 -1
-1 2110
2708 -1
2709 -1
2710 -1
2711 -1
2712 -1
-1 2111
-1 2112
-1 2113
-1 2114
-1 2115
-1 2116
2713 -1
2714 -1
-1 2117
-1 2118
2715 2119
2716 2120
2717 -1
2718 -1
2719 -1
2720 2121
2721 2122
2722 -1
2723 -1
2724 -1
2725 -1
2726 -1
2727 -1
2728 -1
-1 2123
-1 2124
2729 -1
2730 -1
2731 -1
2732 -1
2733 -1
2734 2125
2735 -1
2736 -1
2737 -1
2738 2126
2739 -1
2740 -1
2741 -1
2742 -1
2743 -1
2744 -1
2745 2127
2746 2128
2747 2129
2748 -1
2749 -1
2750 -1
-1 2130
-1 2131
2751 2132
2752 2133
2753 2134
2754 -1
2755 -1
2756 -1
-1 2135
-1 2136
-1 2137
2757 -1
2758 -1
2759 -1
2760 -1
2761 -1
2762 -1
2763 2138
2764 -1
2765 2139
-1 2140
2766 -1
-1 2141
2767 -1
2768 -1
-1 2142
2769 2143
-1 2144
2770 -1
2771 -1
-1 2145
2772 -1
2773 -1
2774 2146
-1 2147
-1 2148
-1 2149
2775 2150
2776 2151
-1 2152
2777 2153
2778 -1
2779 -1
2780 -1
-1 2154
-1 2155
2781 2156
2782 -1
2783 2157
2784 -1
-1 2158
-1 2159
-1 2160
2785 -1
-1 2161
2786 -1
2787 -1
-1 2162
-1 2163
-1 2164
2788 2165
-1 2166
2789 2167
-1 2168
2790 -1
2791 -1
-1 2169
2792 2170
2793 2171
2794 -1
2795 -1
2796 2172
-1 2173
-1 2174
2797 2175
-1 2176
-1 2177
2798 -1
-1 2178
2799 2179
2800 2180
2801 2181
2802 2182
2803 -1
2804 2183
-1 2184
-1 2185
-1 2186
2805 2187
2806 -1
2807 -1
-1 2188
2808 2189
-1 2190
-1 2191
-1 2192
-1 2193
-1 2194
2809 2195
2810 2196
2811 2197
-1 2198
2812 -1
2813 -1
2814 -1
-1 2199
-1 2200
2815 -1
2816 2201
2817 2202
2818 -1
2819 -1
2820 -1
2821 -1
2822 -1
2823 2203
2824 -1
2825 -1
2826 -1
2827 -1
2828 -1
2829 -1
2830 -1
2831 -1
2832 -1
2833 -1
2834 -1
2835 -1
2836 -1
2837 -1
2838 -1
2839 -1
2840 -1
2841 -1
2842 -1
2843 -1
2844 2204
-1 2205
2845 2206
-1 2207
-1 2208
2846 2209
2847 -1
-1 2210
2848 -1
2849 -1
-1 2211
2850 2212
-1 2213
2851 2214
-1 2215
2852 -1
-1 2216
2853 2217
2854 2218
-1 2219
-1 2220
2855 2221
2856 2222
2857 2223
-1 2224
2858 2225
2859 2226
2860 -1
2861 2227
2862 2228
2863 -1
2864 -1
2865 -1
2866 2229
2867 -1
-1 2230
-1 2231
-1 2232
2868 2233
2869 -1
2870 -1
2871 -1
2872 -1
2873 -1
2874 -1
2875 -1
2876 2234
-1 2235
2877 2236
-1 2237
-1 2238
2878 -1
2879 -1
2880 -1
2881 -1
-1 2239
-1 2240
2882 -1
2883 -1
-1 2241
2884 -1
2885 -1
2886 -1
-1 2242
2887 -1
-1 2243
2888 -1
2889 -1
2890 2244
2891 -1
2892 -1
2893 -1
-1 2245
2894 -1
2895 -1
2896 -1
2897 -1
-1 2246
-1 2247
2898 -1
-1 2248
2899 -1
-1 2249
-1 2250
-1 2251
2900 2252
-1 2253
-1 2254
-1 2255
-1 2256
-1 2257
-1 2258
-1 2259
2901 -1
2902 -1
-1 2260
2903 -1
2904 -1
2905 -1
-1 2261
-1 2262
-1 2263
-1 2264
-1 2265
-1 2266
-1 2267
-1 2268
-1 2269
2906 2270
2907 2271
-1 2272
-1 2273
-1 2274
-1 2275
-1 2276
-1 2277
-1 2278
2908 2279
2909 -1
2910 -1
2911 -1
2912 2280
-1 2281
2913 2282
-1 2283
-1 2284
-1 2285
-1 2286
-1 2287
2914 2288
-1 2289
2915 -1
2916 -1
-1 2290
2917 -1
-1 2291
-1 2292
-1 2293
-1 2294
-1 2295
2918 -1
-1 2296
-1 2297
-1 2298
-1 2299
-1 2300
-1 2301
-1 2302
2919 -1
-1 2303
2920 -1
2921 -1
2922 -1
2923 -1
-1 2304
2924 2305
2925 -1
2926 -1
2927 -1
2928 -1
2929 -1
2930 -1
2931 -1
2932 2306
2933 2307
-1 2308
2934 2309
2935 2310
-1 2311
-1 2312
-1 2313
2936 -1
-1 2314
-1 2315
-1 2316
2937 -1
2938 -1
2939 -1
2940 2317
2941 2318
-1 2319
-1 2320
-1 2321
-1 2322
-1 2323
-1 2324
2942 -1
-1 2325
-1 2326
-1 2327
-1 2328
-1 2329
-1 2330
2943 -1
-1 2331
2944 -1
2945 -1
2946 -1
2947 -1
2948 -1
2949 2332
2950 2333
2951 2334
-1 2335
2952 -1
2953 2336
2954 -1
2955 -1
2956 -1
2957 -1
-1 2337
2958 2338
-1 2339
-1 2340
2959 -1
-1 2341
2960 -1
-1 2342
2961 -1
2962 -1
2963 -1
-1 2343
-1 2344
-1 2345
-1 2346
2964 -1
-1 2347
2965 -1
-1 2348
-1 2349
2966 -1
2967 -1
2968 2350
2969 2351
2970 2352
2971 2353
-1 2354
2972 -1
2973 -1
2974 -1
2975 -1
2976 -1
2977 2355
-1 2356
2978 -1
2979 -1
2980 -1
2981 -1
2982 2357
2983 2358
-1 2359
2984 -1
-1 2360
2985 2361
-1 2362
-1 2363
-1 2364
-1 2365
-1 2366
-1 2367
-1 2368
-1 2369
2986 2370
2987 2371
-1 2372
-1 2373
-1 2374
2988 -1
2989 -1
2990 -1
2991 2375
2992 2376
-1 2377
2993 2378
2994 -1
2995 -1
2996 -1
-1 2379
2997 -1
-1 2380
2998 -1
-1 2381
-1 2382
2999 2383
-1 2384
-1 2385
-1 2386
3000 2387
3001 -1
-1 2388
-1 2389
3002 -1
-1 2390
-1 2391
-1 2392
3003 -1
-1 2393
-1 2394
-1 2395
3004 2396
3005 -1
-1 2397
-1 2398
3006 -1
3007 -1
3008 -1
3009 -1
3010 -1
3011 -1
3012 -1
3013 2399
-1 2400
-1 2401
3014 -1
3015 -1
3016 -1
3017 -1
3018 -1
3019 -1
3020 -1
3021 -1
3022 -1
3023 -1
3024 -1
3025 -1
3026 -1
3027 2402
3028 2403
-1 2404
-1 2405
-1 2406
-1 2407
3029 -1
3030 2408
-1 2409
3031 2410
3032 -1
-1 2411
-1 2412
-1 2413
-1 2414
3033 -1
3034 -1
3035 2415
-1 2416
3036 -1
-1 2417
3037 2418
3038 2419
-1 2420
3039 -1
3040 -1
3041 2421
-1 2422
3042 2423
3043 2424
3044 2425
3045 2426
3046 2427
-1 2428
3047 2429
3048 2430
-1 2431
-1 2432
-1 2433
-1 2434
3049 2435
3050 -1
3051 2436
3052 -1
3053 -1
-1 2437
3054 -1
3055 2438
3056 -1
3057 -1
3058 -1
3059 -1
3060 -1
3061 -1
3062 -1
3063 2439
-1 2440
3064 2441
-1 2442
-1 2443
3065 2444
3066 -1
3067 -1
3068 -1
3069 -1
3070 -1
3071 -1
3072 -1
3073 -1
3074 2445
3075 2446
-1 2447
-1 2448
-1 2449
3076 -1
3077 -1
3078 -1
3079 2450
3080 2451
3081 -1
3082 2452
3083 -1
3084 2453
3085 2454
3086 2455
-1 2456
3087 -1
-1 2457
-1 2458
3088 -1
3089 2459
-1 2460
-1 2461
3090 2462
-1 2463
-1 2464
3091 2465
3092 -1
3093 -1
3094 2466
-1 2467
3095 -1
3096 -1
3097 -1
-1 2468
-1 2469
-1 2470
3098 2471
3099 -1
3100 -1
3101 2472
3102 2473
3103 -1
-1 2474
3104 2475
3105 -1
3106 2476
3107 2477
3108 2478
-1 2479
3109 2480
3110 -1
-1 2481
-1 2482
-1 2483
3111 -1
3112 -1
-1 2484
-1 2485
-1 2486
3113 -1
3114 -1
3115 -1
3116 -1
3117 -1
3118 -1
-1 2487
3119 2488
-1 2489
3120 -1
3121 -1
3122 -1
3123 -1
3124 -1
3125 -1
3126 -1
3127 -1
3128 -1
3129 -1
3130 -1
3131 -1
3132 -1
3133 -1
3134 -1
3135 -1
3136 -1
3137 -1
3138 -1
3139 -1
3140 -1
3141 -1
3142 -1
3143 -1
-1 2490
-1 2491
3144 2492
-1 2493
3145 -1
3146 -1
-1 2494
-1 2495
3147 -1
3148 -1
-1 2496
-1 2497
3149 -1
3150 -1
-1 2498
-1 2499
-1 2500
-1 2501
-1 2502
-1 2503
-1 2504
3151 2505
-1 2506
-1 2507
3152 2508
3153 2509
-1 2510
3154 2511
3155 2512
3156 2513
3157 -1
3158 2514
3159 2515
3160 2516
3161 2517
3162 -1
3163 -1
3164 -1
3165 -1
3166 -1
3167 -1
3168 -1
3169 -1
3170 -1
3171 -1
3172 -1
3173 -1
3174 -1
3175 -1
3176 -1
3177 -1
3178 -1
3179 -1
3180 -1
3181 -1
-1 2518
-1 2519
-1 2520
3182 -1
-1 2521
3183 -1
3184 2522
3185 -1
3186 -1
3187 -1
3188 2523
3189 -1
3190 -1
-1 2524
3191 2525
-1 2526
-1 2527
3192 -1
-1 2528
-1 2529
-1 2530
-1 2531
3193 -1
-1 2532
-1 2533
3194 2534
3195 -1
-1 2535
-1 2536
3196 2537
3197 2538
3198 -1
3199 -1
3200 -1
-1 2539
3201 -1
-1 2540
-1 2541
-1 2542
3202 -1
-1 2543
-1 2544
3203 2545
3204 -1
3205 -1
3206 -1
3207 -1
-1 2546
3208 2547
3209 2548
3210 -1
3211 2549
-1 2550
3212 2551
3213 -1
3214 -1
-1 2552
-1 2553
-1 2554
-1 2555
-1 2556
-1 2557
-1 2558
-1 2559
3215 2560
3216 2561
-1 2562
3217 -1
3218 -1
3219 -1
-1 2563
3220 -1
3221 -1
3222 2564
-1 2565
-1 2566
-1 2567
-1 2568
3223 -1
-1 2569
-1 2570
-1 2571
3224 -1
-1 2572
3225 -1
3226 2573
3227 2574
3228 -1
3229 2575
3230 -1
3231 2576
3232 2577
3233 2578
3234 2579
3235 -1
3236 2580
-1 2581
3237 2582
-1 2583
3238 2584
3239 2585
3240 2586
3241 2587
3242 -1
3243 -1
3244 -1
3245 -1
3246 -1
3247 2588
3248 -1
3249 -1
3250 2589
3251 2590
-1 2591
3252 -1
-1 2592
3253 -1
-1 2593
3254 -1
3255 2594
3256 2595
3257 2596
3258 2597
3259 -1
-1 2598
-1 2599
3260 -1
3261 -1
3262 -1
3263 -1
3264 -1
3265 -1
3266 -1
3267 -1
3268 -1
-1 2600
3269 2601
3270 -1
3271 -1
-1 2602
-1 2603
3272 -1
-1 2604
-1 2605
-1 2606
-1 2607
-1 2608
3273 -1
3274 -1
-1 2609
3275 -1
3276 -1
3277 -1
3278 -1
3279 2610
3280 2611
3281 2612
3282 -1
3283 -1
3284 -1
3285 -1
3286 -1
3287 -1
3288 -1
3289 -1
-1 2613
3290 -1
3291 -1
3292 -1
3293 2614
3294 2615
3295 -1
3296 -1
3297 -1
3298 -1
3299 -1
3300 -1
-1 2616
3301 -1
3302 -1
3303 -1
-1 2617
-1 2618
3304 -1
3305 -1
3306 -1
3307 -1
3308 -1
3309 -1
-1 2619
3310 -1
3311 -1
3312 -1
3313 -1
3314 -1
3315 -1
3316 2620
3317 2621
-1 2622
3318 -1
3319 -1
3320 -1
3321 -1
3322 -1
3323 -1
-1 2623
3324 -1
3325 -1
-1 2624
3326 2625
3327 -1
-1 2626
-1 2627
-1 2628
3328 -1
3329 -1
3330 -1
3331 2629
-1 2630
-1 2631
-1 2632
3332 2633
-1 2634
3333 2635
3334 -1
-1 2636
-1 2637
3335 2638
-1 2639
3336 2640
3337 2641
-1 2642
3338 -1
-1 2643
-1 2644
-1 2645
3339 -1
3340 2646
-1 2647
-1 2648
3341 -1
-1 2649
3342 -1
3343 -1
3344 -1
3345 -1
3346 -1
3347 -1
3348 -1
-1 2650
3349 2651
-1 2652
3350 2653
3351 2654
3352 -1
3353 -1
3354 -1
3355 -1
3356 -1
3357 -1
3358 -1
3359 -1
3360 2655
3361 -1
3362 -1
3363 2656
3364 2657
-1 2658
3365 2659
3366 2660
3367 2661
3368 2662
3369 2663
3370 2664
3371 2665
3372 2666
3373 -1
3374 2667
-1 2668
-1 2669
-1 2670
-1 2671
-1 2672
3375 2673
3376 2674
3377 2675
-1 2676
3378 2677
-1 2678
-1 2679
-1 2680
-1 2681
3379 -1
3380 -1
3381 -1
3382 -1
3383 -1
3384 -1
3385 -1
3386 -1
-1 2682
3387 -1
3388 -1
3389 -1
3390 -1
-1 2683
-1 2684
3391 -1
3392 -1
3393 -1
-1 2685
-1 2686
3394 -1
3395 -1
-1 2687
-1 2688
-1 2689
-1 2690
-1 2691
3396 -1
3397 -1
3398 -1
3399 -1
-1 2692
3400 -1
3401 -1
3402 -1
3403 -1
3404 -1
3405 -1
3406 -1
3407 -1
3408 -1
-1 2693
-1 2694
3409 2695
-1 2696
-1 2697
3410 -1
-1 2698
3411 -1
3412 -1
-1 2699
3413 2700
-1 2701
3414 2702
3415 2703
-1 2704
-1 2705
3416 -1
3417 -1
3418 -1
-1 2706
-1 2707
-1 2708
3419 -1
3420 2709
3421 -1
-1 2710
-1 2711
-1 2712
-1 2713
-1 2714
3422 -1
3423 -1
-1 2715
3424 -1
-1 2716
-1 2717
3425 -1
3426 -1
3427 -1
3428 -1
3429 -1
3430 -1
3431 -1
3432 -1
3433 -1
3434 -1
-1 2718
3435 -1
3436 -1
3437 -1
3438 -1
3439 -1
3440 -1
3441 -1
3442 -1
3443 -1
-1 2719
3444 -1
-1 2720
-1 2721
3445 -1
3446 -1
3447 -1
-1 2722
3448 -1
3449 -1
3450 -1
-1 2723
3451 2724
-1 2725
3452 -1
-1 2726
3453 2727
3454 -1
-1 2728
3455 -1
3456 2729
3457 2730
3458 2731
3459 -1
-1 2732
-1 2733
-1 2734
3460 -1
3461 -1
-1 2735
3462 2736
3463 -1
3464 2737
-1 2738
3465 2739
3466 -1
3467 -1
3468 -1
3469 -1
3470 2740
3471 2741
3472 -1
3473 2742
3474 -1
3475 2743
-1 2744
3476 2745
-1 2746
-1 2747
-1 2748
3477 2749
-1 2750
-1 2751
-1 2752
-1 2753
3478 -1
3479 -1
3480 -1
3481 -1
3482 -1
3483 -1
3484 -1
3485 -1
3486 -1
3487 -1
3488 -1
3489 -1
3490 -1
3491 -1
3492 -1
3493 -1
3494 -1
3495 -1
3496 2754
3497 2755
-1 2756
3498 -1
3499 -1
3500 -1
3501 -1
3502 -1
3503 -1
3504 -1
3505 -1
3506 -1
3507 -1
3508 2757
3509 -1
3510 -1
3511 -1
3512 -1
3513 -1
3514 -1
3515 -1
-1 2758
-1 2759
-1 2760
-1 2761
3516 -1
-1 2762
3517 -1
3518 -1
3519 2763
3520 -1
-1 2764
-1 2765
-1 2766
3521 2767
3522 -1
3523 -1
3524 2768
3525 -1
3526 -1
3527 2769
3528 -1
3529 2770
3530 -1
3531 -1
3532 -1
-1 2771
-1 2772
3533 2773
-1 2774
-1 2775
-1 2776
3534 -1
-1 2777
-1 2778
-1 2779
-1 2780
-1 2781
3535 -1
3536 -1
3537 -1
-1 2782
-1 2783
-1 2784
-1 2785
-1 2786
-1 2787
-1 2788
-1 2789
3538 -1
-1 2790
-1 2791
-1 2792
-1 2793
-1 2794
-1 2795
-1 2796
-1 2797
3539 -1
3540 2798
-1 2799
3541 -1
3542 -1
3543 -1
3544 2800
3545 2801
-1 2802
-1 2803
3546 -1
3547 -1
-1 2804
-1 2805
-1 2806
3548 2807
3549 2808
3550 2809
3551 2810
3552 -1
3553 2811
3554 -1
-1 2812
-1 2813
-1 2814
-1 2815
-1 2816
3555 2817
3556 -1
3557 -1
3558 -1
3559 -1
3560 -1
3561 -1
3562 2818
3563 2819
3564 2820
-1 2821
3565 2822
3566 -1
3567 -1
-1 2823
3568 -1
3569 -1
3570 -1
-1 2824
3571 -1
-1 2825
3572 -1
3573 -1
3574 -1
3575 -1
-1 2826
-1 2827
3576 2828
-1 2829
3577 2830
3578 2831
-1 2832
-1 2833
-1 2834
3579 -1
-1 2835
3580 2836
3581 2837
3582 -1
3583 2838
3584 2839
3585 -1
-1 2840
3586 -1
3587 -1
3588 2841
3589 2842
3590 2843
3591 2844
-1 2845
3592 2846
3593 -1
3594 -1
3595 -1
3596 -1
3597 -1
3598 -1
3599 -1
3600 -1
3601 -1
3602 -1
3603 2847
3604 2848
3605 2849
3606 2850
3607 2851
3608 2852
3609 -1
3610 -1
3611 -1
3612 -1
3613 -1
3614 -1
3615 -1
3616 -1
3617 2853
-1 2854
3618 -1
-1 2855
-1 2856
-1 2857
-1 2858
3619 -1
-1 2859
3620 -1
3621 2860
3622 -1
3623 -1
3624 -1
-1 2861
-1 2862
3625 2863
-1 2864
3626 -1
3627 -1
-1 2865
-1 2866
3628 2867
3629 -1
3630 -1
3631 -1
3632 -1
3633 2868
3634 -1
-1 2869
-1 2870
3635 -1
3636 -1
-1 2871
3637 2872
3638 2873
3639 2874
-1 2875
3640 2876
3641 -1
-1 2877
-1 2878
3642 -1
3643 -1
3644 -1
3645 2879
3646 2880
3647 -1
-1 2881
-1 2882
3648 -1
-1 2883
-1 2884
3649 -1
3650 -1
3651 -1
-1 2885
-1 2886
-1 2887
3652 2888
3653 2889
3654 2890
-1 2891
-1 2892
-1 2893
-1 2894
3655 -1
3656 -1
3657 -1
3658 -1
3659 -1
3660 -1
3661 -1
-1 2895
-1 2896
3662 2897
-1 2898
3663 2899
3664 2900
3665 2901
3666 -1
-1 2902
-1 2903
3667 2904
3668 -1
-1 2905
3669 -1
-1 2906
-1 2907
-1 2908
-1 2909
-1 2910
-1 2911
3670 -1
3671 -1
3672 -1
3673 -1
3674 -1
3675 -1
3676 -1
3677 -1
3678 -1
-1 2912
-1 2913
3679 -1
3680 -1
-1 2914
3681 2915
3682 2916
3683 -1
3684 -1
3685 2917
3686 2918
3687 2919
3688 2920
3689 2921
-1 2922
-1 2923
3690 -1
3691 -1
3692 2924
-1 2925
-1 2926
-1 2927
3693 -1
-1 2928
-1 2929
-1 2930
3694 -1
3695 -1
3696 -1
-1 2931
3697 2932
3698 -1
3699 2933
3700 -1
3701 -1
3702 -1
3703 -1
3704 2934
3705 -1
3706 -1
3707 -1
3708 -1
3709 2935
-1 2936
3710 -1
3711 -1
-1 2937
3712 -1
-1 2938
3713 2939
3714 -1
3715 -1
3716 2940
3717 2941
3718 -1
3719 -1
3720 -1
3721 -1
3722 -1
-1 2942
3723 -1
3724 -1
3725 -1
3726 -1
3727 -1
-1 2943
-1 2944
3728 -1
3729 -1
3730 -1
3731 2945
3732 2946
3733 -1
3734 -1
3735 -1
3736 -1
-1 2947
-1 2948
-1 2949
-1 2950
3737 2951
-1 2952
3738 -1
3739 -1
3740 -1
3741 -1
3742 2953
3743 2954
-1 2955
-1 2956
3744 -1
3745 -1
3746 -1
3747 -1
3748 -1
3749 -1
3750 -1
3751 -1
3752 -1
3753 -1
3754 -1
3755 -1
3756 -1
3757 -1
3758 -1
3759 -1
-1 2957
3760 2958
3761 2959
3762 2960
3763 -1
3764 -1
3765 2961
3766 2962
3767 -1
3768 -1
3769 2963
3770 -1
3771 2964
3772 -1
3773 -1
-1 2965
3774 2966
3775 2967
3776 -1
3777 2968
3778 2969
3779 2970
3780 2971
3781 -1
3782 2972
3783 -1
3784 -1
-1 2973
3785 -1
3786 -1
3787 -1
3788 -1
3789 -1
3790 -1
3791 -1
3792 -1
3793 -1
3794 -1
-1 2974
3795 -1
3796 -1
3797 -1
3798 -1
3799 2975
3800 2976
-1 2977
-1 2978
-1 2979
3801 -1
3802 -1
3803 -1
3804 2980
3805 -1
-1 2981
-1 2982
-1 2983
-1 2984
3806 -1
3807 -1
3808 2985
3809 -1
3810 -1
3811 -1
3812 -1
3813 -1
3814 -1
-1 2986
3815 -1
-1 2987
-1 2988
-1 2989
3816 -1
3817 -1
3818 -1
3819 -1
3820 -1
3821 2990
3822 2991
3823 -1
3824 -1
3825 -1
3826 -1
-1 2992
3827 2993
-1 2994
3828 -1
3829 2995
3830 2996
-1 2997
3831 -1
3832 -1
3833 -1
3834 -1
3835 -1
3836 -1
-1 2998
3837 -1
-1 2999
3838 -1
3839 3000
3840 3001
3841 3002
3842 -1
3843 3003
3844 3004
3845 -1
3846 -1
3847 3005
3848 -1
3849 -1
-1 3006
-1 3007
3850 3008
3851 3009
-1 3010
-1 3011
3852 -1
-1 3012
-1 3013
-1 3014
3853 -1
3854 -1
3855 -1
3856 -1
3857 -1
3858 -1
3859 -1
3860 -1
3861 -1
3862 -1
3863 -1
3864 -1
-1 3015
3865 3016
3866 3017
-1 3018
-1 3019
-1 3020
3867 -1
-1 3021
3868 -1
3869 3022
3870 -1
3871 -1
3872 -1
3873 -1
3874 -1
3875 3023
3876 3024
3877 -1
3878 -1
-1 3025
3879 3026
-1 3027
3880 3028
3881 -1
-1 3029
3882 -1
3883 -1
-1 3030
3884 -1
3885 -1
3886 -1
3887 -1
3888 -1
3889 -1
3890 -1
3891 -1
3892 -1
3893 -1
3894 -1
3895 -1
-1 3031
-1 3032
-1 3033
-1 3034
-1 3035
3896 -1
3897 -1
-1 3036
3898 -1
3899 -1
-1 3037
3900 3038
-1 3039
3901 -1
3902 -1
-1 3040
3903 -1
3904 -1
3905 -1
3906 -1
-1 3041
3907 3042
-1 3043
-1 3044
3908 -1
3909 -1
3910 -1
3911 -1
3912 -1
3913 3045
-1 3046
-1 3047
3914 -1
-1 3048
-1 3049
3915 -1
-1 3050
-1 3051
-1 3052
-1 3053
3916 -1
3917 -1
3918 -1
3919 -1
-1 3054
-1 3055
3920 3056
3921 -1
3922 -1
3923 -1
3924 -1
3925 -1
-1 3057
3926 3058
3927 3059
3928 3060
3929 3061
3930 3062
-1 3063
-1 3064
-1 3065
-1 3066
-1 3067
3931 -1
-1 3068
3932 -1
3933 -1
3934 -1
3935 3069
3936 -1
3937 -1
3938 3070
-1 3071
-1 3072
3939 3073
3940 -1
3941 -1
3942 -1
-1 3074
3943 -1
-1 3075
3944 3076
3945 3077
3946 3078
3947 -1
3948 -1
3949 -1
3950 -1
3951 -1
3952 -1
3953 -1
3954 -1
-1 3079
3955 3080
-1 3081
-1 3082
3956 -1
3957 -1
3958 -1
3959 -1
3960 -1
3961 -1
-1 3083
-1 3084
3962 3085
3963 3086
3964 3087
-1 3088
3965 -1
3966 -1
3967 -1
-1 3089
-1 3090
3968 -1
3969 -1
-1 3091
3970 -1
3971 -1
3972 -1
-1 3092
3973 -1
3974 -1
3975 -1
3976 -1
3977 -1
3978 -1
-1 3093
3979 -1
-1 3094
-1 3095
3980 -1
3981 -1
3982 -1
3983 -1
-1 3096
3984 -1
3985 -1
-1 3097
3986 -1
3987 3098
3988 -1
3989 -1
3990 -1
3991 3099
-1 3100
3992 -1
3993 -1
3994 -1
3995 -1
3996 3101
3997 3102
-1 3103
3998 -1
3999 -1
4000 3104
-1 3105
4001 3106
4002 3107
-1 3108
4003 3109
4004 -1
4005 -1
4006 3110
4007 3111
4008 3112
-1 3113
4009 3114
-1 3115
4010 -1
4011 -1
4012 -1
4013 -1
4014 -1
4015 -1
4016 -1
4017 -1
4018 3116
4019 -1
4020 -1
4021 -1
4022 -1
4023 -1
4024 -1
4025 3117
4026 -1
4027 -1
4028 3118
4029 -1
4030 -1
-1 3119
4031 -1
4032 -1
-1 3120
4033 3121
4034 -1
-1 3122
4035 3123
-1 3124
4036 3125
-1 3126
-1 3127
4037 -1
4038 -1
4039 3128
4040 3129
4041 3130
4042 3131
-1 3132
-1 3133
4043 3134
-1 3135
4044 -1
4045 -1
4046 -1
4047 3136
4048 3137
4049 -1
4050 -1
4051 -1
4052 -1
4053 -1
-1 3138
4054 -1
4055 -1
4056 -1
4057 -1
4058 -1
-1 3139
4059 3140
-1 3141
4060 3142
4061 3143
4062 -1
-1 3144
4063 -1
4064 -1
4065 -1
4066 -1
4067 3145
4068 3146
-1 3147
4069 -1
4070 -1
4071 3148
4072 3149
4073 -1
4074 3150
4075 -1
4076 -1
4077 -1
4078 -1
4079 3151
4080 3152
4081 -1
4082 -1
4083 -1
4084 -1
4085 -1
4086 -1
4087 3153
4088 -1
4089 -1
4090 3154
4091 -1
4092 -1
4093 -1
4094 -1
-1 3155
4095 3156
4096 3157
4097 3158
4098 3159
4099 3160
4100 3161
4101 3162
4102 -1
4103 -1
-1 3163
-1 3164
4104 -1
4105 3165
4106 3166
-1 3167
-1 3168
-1 3169
4107 -1
4108 -1
4109 -1
4110 -1
4111 -1
-1 3170
4112 -1
4113 -1
4114 3171
4115 -1
4116 -1
4117 3172
4118 -1
4119 3173
4120 3174
4121 -1
4122 3175
4123 3176
4124 -1
4125 -1
4126 -1
4127 -1
4128 -1
4129 -1
-1 3177
4130 3178
4131 3179
4132 3180
4133 3181
4134 3182
-1 3183
4135 -1
4136 -1
4137 3184
4138 3185
-1 3186
-1 3187
4139 3188
4140 3189
-1 3190
-1 3191
4141 3192
4142 3193
4143 3194
4144 3195
4145 3196
4146 3197
-1 3198
4147 3199
4148 3200
4149 3201
4150 3202
4151 3203
4152 3204
4153 3205
4154 -1
-1 3206
-1 3207
4155 3208
4156 -1
4157 -1
4158 -1
4159 -1
4160 3209
-1 3210
-1 3211
-1 3212
4161 -1
4162 3213
4163 -1
4164 3214
4165 3215
-1 3216
4166 3217
-1 3218
-1 3219
-1 3220
4167 -1
4168 -1
4169 -1
4170 -1
4171 -1
4172 -1
4173 -1
4174 -1
4175 -1
4176 -1
4177 -1
4178 3221
4179 3222
4180 3223
4181 3224
4182 -1
4183 -1
4184 -1
4185 -1
4186 -1
4187 3225
4188 3226
4189 3227
-1 3228
4190 3229
-1 3230
-1 3231
-1 3232
-1 3233
-1 3234
-1 3235
4191 3236
4192 3237
4193 3238
4194 3239
4195 -1
4196 -1
4197 -1
4198 3240
4199 3241
-1 3242
4200 3243
4201 3244
4202 3245
-1 3246
4203 -1
-1 3247
-1 3248
4204 -1
4205 -1
4206 -1
4207 -1
4208 -1
4209 -1
4210 -1
4211 -1
4212 -1
4213 3249
4214 -1
4215 -1
4216 -1
4217 -1
4218 -1
4219 -1
4220 -1
4221 -1
4222 -1
4223 -1
-1 3250
4224 -1
-1 3251
4225 -1
4226 3252
4227 3253
4228 -1
4229 3254
4230 3255
4231 3256
4232 3257
4233 -1
4234 -1
4235 -1
4236 -1
4237 3258
4238 -1
4239 -1
4240 -1
4241 -1
-1 3259
-1 3260
4242 -1
4243 -1
4244 -1
4245 -1
4246 -1
4247 -1
4248 -1
4249 -1
4250 -1
4251 -1
4252 -1
4253 -1
4254 -1
4255 -1
-1 3261
4256 -1
4257 -1
4258 3262
-1 3263
4259 3264
4260 -1
4261 -1
4262 3265
4263 -1
4264 3266
4265 -1
-1 3267
4266 -1
4267 3268
4268 3269
4269 -1
4270 -1
4271 -1
4272 -1
4273 -1
4274 -1
4275 3270
4276 3271
4277 -1
4278 3272
-1 3273
4279 -1
4280 -1
4281 -1
4282 -1
4283 -1
4284 -1
-1 3274
-1 3275
-1 3276
-1 3277
4285 3278
4286 3279
-1 3280
4287 3281
4288 3282
4289 3283
4290 3284
4291 3285
-1 3286
4292 3287
-1 3288
-1 3289
-1 3290
4293 -1
4294 -1
4295 3291
4296 -1
4297 3292
4298 -1
4299 3293
-1 3294
4300 -1
4301 -1
4302 3295
4303 -1
4304 -1
4305 -1
4306 -1
4307 -1
4308 -1
-1 3296
-1 3297
4309 -1
-1 3298
-1 3299
-1 3300
-1 3301
-1 3302
-1 3303
4310 3304
-1 3305
4311 -1
-1 3306
-1 3307
4312 -1
4313 -1
4314 -1
4315 -1
4316 -1
4317 -1
4318 -1
4319 -1
4320 -1
4321 -1
4322 -1
4323 -1
4324 -1
4325 -1
4326 -1
-1 3308
4327 -1
-1 3309
-1 3310
4328 -1
4329 3311
4330 -1
-1 3312
4331 3313
4332 -1
4333 3314
4334 3315
4335 3316
4336 3317
-1 3318
4337 -1
4338 3319
4339 3320
4340 -1
-1 3321
-1 3322
4341 -1
4342 -1
-1 3323
4343 -1
4344 3324
4345 3325
4346 -1
4347 3326
4348 -1
4349 3327
-1 3328
4350 3329
-1 3330
4351 -1
-1 3331
4352 3332
-1 3333
4353 -1
4354 3334
4355 -1
4356 -1
4357 3335
4358 3336
4359 3337
4360 3338
4361 -1
4362 -1
4363 3339
4364 3340
4365 3341
4366 -1
4367 3342
4368 -1
4369 -1
4370 3343
4371 3344
4372 3345
4373 3346
4374 3347
4375 3348
4376 -1
4377 3349
-1 3350
4378 -1
4379 3351
-1 3352
4380 -1
4381 -1
-1 3353
4382 3354
4383 3355
-1 3356
-1 3357
4384 3358
-1 3359
4385 -1
4386 -1
4387 3360
-1 3361
4388 3362
4389 3363
4390 3364
4391 -1
4392 -1
4393 -1
4394 -1
4395 -1
4396 -1
4397 -1
4398 3365
-1 3366
4399 -1
4400 -1
4401 3367
4402 -1
4403 3368
4404 -1
4405 3369
4406 3370
-1 3371
4407 3372
4408 3373
4409 -1
4410 3374
4411 3375
4412 3376
-1 3377
4413 -1
4414 -1
4415 3378
4416 -1
-1 3379
4417 -1
4418 -1
4419 -1
4420 -1
4421 -1
4422 -1
4423 -1
-1 3380
4424 -1
4425 3381
4426 3382
4427 3383
-1 3384
4428 3385
4429 3386
-1 3387
-1 3388
-1 3389
4430 -1
-1 3390
-1 3391
-1 3392
4431 3393
4432 3394
-1 3395
4433 3396
4434 -1
4435 3397
-1 3398
-1 3399
-1 3400
-1 3401
4436 -1
4437 3402
4438 -1
4439 3403
-1 3404
4440 3405
4441 -1
-1 3406
-1 3407
-1 3408
-1 3409
4442 3410
4443 3411
4444 3412
4445 3413
4446 3414
4447 -1
4448 -1
4449 -1
-1 3415
4450 -1
4451 3416
4452 3417
4453 -1
4454 3418
4455 -1
4456 -1
4457 3419
4458 -1
4459 -1
4460 -1
4461 -1
4462 -1
4463 -1
-1 3420
-1 3421
-1 3422
-1 3423
4464 -1
4465 3424
4466 -1
4467 -1
4468 -1
4469 3425
4470 3426
-1 3427
4471 3428
4472 3429
4473 3430
4474 3431
4475 3432
4476 3433
-1 3434
-1 3435
4477 3436
4478 3437
4479 -1
4480 3438
-1 3439
4481 3440
4482 -1
4483 -1
4484 -1
4485 -1
4486 3441
-1 3442
4487 3443
4488 3444
4489 3445
4490 3446
4491 3447
4492 3448
4493 -1
4494 -1
4495 -1
4496 -1
-1 3449
4497 -1
4498 3450
-1 3451
4499 -1
4500 3452
4501 -1
4502 -1
4503 -1
-1 3453
4504 -1
-1 3454
4505 -1
4506 -1
4507 3455
4508 -1
4509 -1
4510 -1
4511 -1
4512 3456
4513 -1
-1 3457
4514 -1
4515 -1
4516 -1
4517 3458
4518 3459
4519 -1
4520 3460
4521 3461
4522 3462
-1 3463
4523 3464
4524 3465
4525 3466
4526 3467
4527 -1
4528 -1
-1 3468
4529 3469
4530 -1
4531 -1
4532 -1
4533 3470
4534 3471
4535 3472
4536 3473
4537 3474
4538 3475
4539 3476
4540 3477
-1 3478
4541 -1
4542 -1
4543 -1
4544 3479
4545 3480
4546 -1
4547 -1
4548 -1
4549 -1
4550 -1
4551 -1
4552 3481
-1 3482
4553 -1
4554 -1
4555 -1
4556 -1
4557 -1
4558 3483
-1 3484
4559 3485
4560 -1
-1 3486
4561 3487
4562 3488
-1 3489
-1 3490
4563 -1
4564 3491
4565 -1
4566 3492
4567 3493
4568 3494
4569 -1
4570 -1
4571 -1
4572 -1
4573 3495
4574 3496
4575 3497
4576 -1
4577 3498
4578 -1
4579 -1
4580 3499
4581 -1
4582 3500
4583 -1
4584 -1
4585 -1
-1 3501
-1 3502
4586 -1
4587 3503
-1 3504
4588 3505
-1 3506
-1 3507
4589 -1
4590 3508
4591 3509
-1 3510
4592 3511
4593 3512
4594 3513
4595 -1
4596 3514
4597 -1
-1 3515
4598 -1
4599 3516
-1 3517
4600 -1
4601 -1
4602 -1
4603 -1
4604 -1
4605 -1
4606 -1
4607 -1
4608 -1
4609 3518
4610 -1
4611 -1
-1 3519
4612 3520
4613 3521
4614 3522
-1 3523
4615 3524
4616 3525
4617 3526
4618 -1
4619 -1
4620 -1
4621 3527
4622 3528
-1 3529
4623 -1
4624 3530
-1 3531
-1 3532
4625 -1
4626 -1
4627 -1
4628 -1
-1 3533
-1 3534
4629 -1
4630 -1
4631 -1
-1 3535
-1 3536
4632 -1
4633 -1
4634 -1
-1 3537
4635 -1
4636 -1
4637 -1
4638 -1
4639 -1
4640 -1
-1 3538
-1 3539
4641 -1
4642 3540
-1 3541
-1 3542
-1 3543
-1 3544
4643 -1
-1 3545
4644 3546
4645 -1
-1 3547
4646 -1
-1 3548
4647 -1
4648 3549
4649 3550
4650 -1
4651 3551
-1 3552
-1 3553
-1 3554
4652 -1
-1 3555
-1 3556
-1 3557
-1 3558
-1 3559
-1 3560
-1 3561
4653 -1
4654 -1
4655 -1
4656 -1
4657 -1
4658 -1
-1 3562
4659 3563
-1 3564
-1 3565
-1 3566
-1 3567
4660 3568
4661 3569
4662 3570
4663 3571
-1 3572
-1 3573
-1 3574
4664 3575
-1 3576
-1 3577
-1 3578
-1 3579
-1 3580
-1 3581
4665 3582
-1 3583
-1 3584
-1 3585
4666 3586
-1 3587
4667 -1
4668 -1
4669 -1
4670 3588
-1 3589
4671 3590
-1 3591
-1 3592
4672 -1
4673 -1
4674 -1
4675 -1
4676 -1
-1 3593
4677 3594
4678 3595
-1 3596
4679 -1
4680 -1
4681 3597
-1 3598
4682 3599
4683 -1
4684 -1
-1 3600
4685 -1
4686 -1
-1 3601
4687 -1
4688 -1
4689 -1
4690 3602
4691 -1
-1 3603
-1 3604
-1 3605
4692 -1
4693 -1
4694 -1
4695 -1
4696 -1
4697 3606
4698 -1
4699 -1
4700 3607
4701 -1
4702 -1
-1 3608
-1 3609
-1 3610
-1 3611
-1 3612
4703 -1
4704 -1
4705 -1
4706 -1
-1 3613
-1 3614
-1 3615
4707 3616
4708 3617
4709 3618
-1 3619
-1 3620
4710 3621
4711 -1
4712 -1
4713 -1
-1 3622
-1 3623
4714 -1
-1 3624
-1 3625
-1 3626
-1 3627
4715 3628
4716 3629
-1 3630
4717 -1
4718 -1
4719 -1
4720 -1
-1 3631
4721 3632
4722 -1
4723 -1
-1 3633
-1 3634
4724 -1
4725 -1
4726 -1
4727 -1
-1 3635
-1 3636
-1 3637
4728 -1
4729 -1
-1 3638
-1 3639
-1 3640
-1 3641
-1 3642
4730 3643
-1 3644
4731 -1
-1 3645
4732 -1
4733 -1
4734 -1
-1 3646
-1 3647
4735 -1
4736 -1
-1 3648
-1 3649
4737 -1
4738 -1
4739 3650
-1 3651
-1 3652
4740 -1
-1 3653
4741 -1
4742 -1
4743 -1
-1 3654
4744 3655
4745 3656
4746 3657
4747 -1
4748 -1
4749 -1
4750 -1
4751 -1
4752 3658
-1 3659
4753 3660
-1 3661
-1 3662
4754 -1
4755 -1
4756 -1
4757 -1
4758 -1
4759 -1
-1 3663
4760 3664
4761 -1
4762 3665
4763 -1
4764 3666
-1 3667
-1 3668
4765 -1
4766 -1
4767 -1
4768 3669
-1 3670
4769 3671
4770 -1
4771 -1
4772 -1
4773 -1
4774 -1
4775 -1
4776 3672
-1 3673
-1 3674
-1 3675
-1 3676
-1 3677
-1 3678
4777 -1
4778 3679
4779 3680
4780 -1
4781 3681
4782 -1
4783 -1
4784 -1
4785 -1
4786 -1
4787 -1
4788 -1
4789 3682
4790 3683
4791 3684
-1 3685
-1 3686
4792 3687
4793 3688
4794 -1
4795 -1
4796 -1
-1 3689
4797 -1
4798 -1
4799 -1
4800 -1
4801 3690
4802 -1
4803 -1
-1 3691
4804 -1
-1 3692
4805 -1
4806 -1
4807 3693
-1 3694
4808 -1
4809 -1
4810 -1
4811 -1
4812 -1
4813 -1
4814 -1
4815 -1
4816 3695
4817 -1
4818 3696
4819 -1
4820 -1
4821 3697
4822 3698
4823 3699
4824 -1
-1 3700
4825 -1
4826 3701
4827 -1
4828 -1
4829 -1
4830 -1
4831 -1
4832 -1
4833 -1
-1 3702
-1 3703
-1 3704
4834 -1
-1 3705
-1 3706
4835 -1
-1 3707
4836 3708
4837 3709
-1 3710
-1 3711
4838 -1
4839 -1
4840 3712
4841 3713
-1 3714
-1 3715
-1 3716
4842 3717
4843 -1
-1 3718
-1 3719
-1 3720
-1 3721
-1 3722
-1 3723
-1 3724
-1 3725
4844 -1
-1 3726
4845 3727
4846 3728
-1 3729
4847 3730
4848 -1
4849 3731
-1 3732
-1 3733
-1 3734
4850 3735
-1 3736
4851 -1
4852 3737
4853 -1
4854 -1
-1 3738
4855 3739
4856 3740
4857 3741
4858 3742
4859 3743
-1 3744
4860 -1
4861 -1
4862 -1
4863 -1
4864 -1
-1 3745
4865 -1
4866 3746
4867 3747
4868 -1
-1 3748
-1 3749
-1 3750
-1 3751
4869 -1
-1 3752
4870 -1
4871 -1
4872 3753
4873 3754
4874 3755
4875 -1
4876 -1
4877 3756
4878 -1
4879 3757
4880 3758
-1 3759
-1 3760
4881 3761
-1 3762
4882 3763
4883 3764
-1 3765
-1 3766
-1 3767
-1 3768
-1 3769
4884 3770
4885 -1
-1 3771
4886 3772
-1 3773
-1 3774
-1 3775
4887 3776
4888 3777
-1 3778
-1 3779
-1 3780
4889 3781
-1 3782
-1 3783
-1 3784
-1 3785
-1 3786
-1 3787
4890 -1
4891 -1
4892 3788
-1 3789
4893 -1
4894 -1
4895 -1
-1 3790
4896 -1
4897 -1
4898 -1
4899 -1
4900 -1
4901 -1
4902 3791
4903 3792
4904 3793
4905 -1
4906 -1
-1 3794
4907 -1
-1 3795
4908 3796
4909 -1
4910 3797
-1 3798
4911 -1
4912 -1
4913 -1
4914 3799
-1 3800
-1 3801
4915 -1
-1 3802
-1 3803
4916 -1
4917 -1
-1 3804
-1 3805
-1 3806
4918 -1
4919 -1
4920 3807
4921 3808
-1 3809
-1 3810
-1 3811
4922 3812
4923 3813
-1 3814
-1 3815
4924 -1
4925 3816
4926 -1
4927 3817
4928 3818
4929 3819
4930 3820
4931 -1
-1 3821
-1 3822
4932 3823
-1 3824
4933 -1
-1 3825
-1 3826
4934 -1
4935 -1
4936 -1
4937 -1
4938 -1
4939 3827
4940 3828
-1 3829
4941 -1
4942 3830
4943 3831
-1 3832
4944 -1
-1 3833
4945 3834
4946 3835
4947 3836
-1 3837
-1 3838
-1 3839
4948 -1
4949 -1
4950 -1
4951 -1
-1 3840
4952 3841
4953 -1
4954 -1
-1 3842
4955 3843
4956 3844
4957 3845
4958 3846
4959 -1
-1 3847
-1 3848
-1 3849
4960 -1
4961 -1
4962 -1
4963 3850
-1 3851
-1 3852
4964 -1
-1 3853
-1 3854
4965 3855
-1 3856
-1 3857
-1 3858
-1 3859
-1 3860
4966 3861
4967 -1
4968 -1
4969 3862
4970 3863
4971 -1
-1 3864
-1 3865
4972 3866
4973 3867
4974 3868
-1 3869
4975 -1
4976 3870
4977 3871
-1 3872
4978 3873
4979 -1
4980 3874
-1 3875
4981 -1
4982 -1
4983 3876
-1 3877
4984 -1
-1 3878
-1 3879
4985 -1
-1 3880
-1 3881
4986 3882
-1 3883
4987 -1
-1 3884
-1 3885
-1 3886
4988 -1
4989 -1
-1 3887
-1 3888
4990 -1
4991 -1
4992 -1
4993 -1
4994 3889
4995 -1
4996 -1
4997 -1
4998 -1
4999 -1
-1 3890
5000 -1
5001 -1
5002 -1
5003 -1
5004 3891
5005 -1
5006 -1
5007 3892
-1 3893
-1 3894
-1 3895
-1 3896
-1 3897
5008 -1
-1 3898
5009 -1
5010 3899
-1 3900
-1 3901
-1 3902
5011 -1
5012 3903
5013 3904
5014 -1
-1 3905
-1 3906
-1 3907
-1 3908
5015 3909
-1 3910
-1 3911
5016 3912
5017 3913
-1 3914
-1 3915
5018 -1
5019 -1
5020 -1
-1 3916
5021 -1
-1 3917
-1 3918
-1 3919
-1 3920
5022 3921
5023 3922
5024 -1
-1 3923
5025 3924
-1 3925
5026 3926
-1 3927
5027 -1
5028 -1
5029 3928
5030 3929
5031 3930
-1 3931
5032 -1
5033 -1
5034 3932
-1 3933
-1 3934
5035 3935
5036 3936
-1 3937
-1 3938
-1 3939
-1 3940
-1 3941
-1 3942
-1 3943
5037 3944
5038 -1
5039 -1
-1 3945
5040 -1
5041 3946
-1 3947
-1 3948
5042 3949
-1 3950
-1 3951
-1 3952
-1 3953
-1 3954
5043 3955
-1 3956
5044 -1
5045 -1
5046 3957
5047 3958
5048 3959
5049 -1
5050 -1
5051 -1
5052 -1
5053 -1
-1 3960
-1 3961
5054 -1
-1 3962
-1 3963
-1 3964
-1 3965
-1 3966
-1 3967
5055 -1
5056 3968
5057 -1
5058 -1
5059 -1
5060 -1
5061 -1
5062 -1
-1 3969
-1 3970
-1 3971
-1 3972
-1 3973
-1 3974
-1 3975
5063 -1
5064 -1
5065 -1
5066 -1
5067 -1
5068 3976
-1 3977
5069 -1
5070 3978
-1 3979
5071 3980
-1 3981
5072 3982
5073 3983
5074 3984
5075 -1
5076 -1
5077 -1
5078 -1
-1 3985
-1 3986
5079 3987
-1 3988
-1 3989
-1 3990
-1 3991
-1 3992
5080 3993
-1 3994
5081 -1
5082 3995
5083 3996
-1 3997
-1 3998
-1 3999
5084 -1
5085 4000
5086 4001
5087 -1
5088 -1
-1 4002
-1 4003
-1 4004
-1 4005
5089 -1
5090 -1
5091 -1
5092 4006
5093 -1
5094 4007
-1 4008
5095 4009
5096 -1
5097 4010
5098 4011
-1 4012
5099 -1
-1 4013
5100 -1
5101 4014
5102 4015
5103 4016
5104 4017
5105 -1
5106 -1
5107 -1
5108 -1
5109 -1
5110 -1
-1 4018
5111 -1
5112 -1
5113 -1
5114 -1
5115 -1
5116 -1
5117 -1
5118 -1
5119 4019
5120 4020
5121 -1
5122 -1
5123 4021
-1 4022
-1 4023
5124 -1
-1 4024
5125 4025
5126 -1
-1 4026
5127 4027
5128 4028
5129 -1
5130 -1
-1 4029
-1 4030
5131 -1
5132 -1
5133 4031
5134 4032
-1 4033
5135 4034
5136 4035
-1 4036
-1 4037
5137 -1
5138 -1
5139 -1
-1 4038
5140 -1
5141 -1
5142 -1
5143 -1
5144 4039
5145 4040
5146 4041
-1 4042
5147 4043
-1 4044
5148 -1
-1 4045
5149 4046
-1 4047
5150 -1
5151 -1
5152 -1
5153 4048
5154 4049
5155 -1
5156 -1
5157 -1
5158 4050
5159 4051
5160 -1
5161 4052
5162 -1
5163 -1
5164 4053
5165 -1
5166 -1
5167 4054
-1 4055
-1 4056
5168 -1
5169 -1
5170 -1
5171 -1
5172 -1
-1 4057
-1 4058
-1 4059
5173 4060
5174 4061
5175 4062
-1 4063
5176 4064
-1 4065
5177 -1
5178 4066
5179 -1
5180 4067
5181 -1
5182 -1
5183 -1
-1 4068
-1 4069
-1 4070
5184 -1
5185 -1
5186 -1
-1 4071
5187 4072
5188 4073
5189 4074
5190 4075
5191 4076
-1 4077
5192 -1
5193 4078
5194 4079
-1 4080
5195 4081
5196 -1
5197 -1
5198 -1
5199 -1
5200 -1
5201 -1
5202 4082
5203 4083
5204 -1
-1 4084
5205 -1
5206 -1
5207 -1
5208 -1
5209 -1
-1 4085
5210 4086
5211 4087
5212 -1
-1 4088
5213 -1
5214 -1
5215 -1
5216 -1
5217 -1
5218 -1
5219 -1
5220 4089
5221 -1
5222 -1
5223 -1
5224 -1
5225 4090
-1 4091
-1 4092
5226 -1
5227 -1
5228 -1
-1 4093
5229 4094
-1 4095
-1 4096
5230 -1
-1 4097
-1 4098
-1 4099
-1 4100
5231 -1
5232 -1
-1 4101
5233 -1
5234 -1
5235 -1
5236 -1
-1 4102
5237 4103
-1 4104
-1 4105
5238 -1
-1 4106
5239 -1
5240 -1
5241 -1
5242 -1
5243 -1
5244 -1
5245 -1
5246 -1
5247 -1
5248 -1
5249 -1
5250 -1
5251 -1
5252 -1
5253 -1
5254 -1
5255 -1
5256 -1
5257 -1
5258 -1
5259 4107
5260 4108
-1 4109
5261 -1
5262 4110
5263 -1
-1 4111
-1 4112
-1 4113
5264 4114
-1 4115
-1 4116
-1 4117
-1 4118
-1 4119
5265 -1
5266 -1
5267 -1
5268 -1
5269 -1
5270 4120
-1 4121
-1 4122
-1 4123
-1 4124
5271 4125
5272 -1
5273 4126
5274 4127
5275 -1
-1 4128
-1 4129
5276 -1
5277 -1
-1 4130
5278 4131
-1 4132
-1 4133
-1 4134
5279 -1
5280 -1
-1 4135
-1 4136
-1 4137
-1 4138
5281 4139
5282 -1
5283 -1
-1 4140
5284 -1
5285 -1
5286 -1
5287 -1
5288 -1
5289 -1
5290 -1
5291 4141
5292 -1
5293 -1
5294 4142
5295 -1
5296 -1
5297 4143
5298 4144
-1 4145
5299 -1
-1 4146
5300 -1
-1 4147
-1 4148
-1 4149
5301 -1
5302 -1
5303 -1
5304 4150
5305 4151
5306 -1
5307 -1
5308 -1
5309 -1
5310 -1
5311 4152
5312 4153
5313 4154
5314 -1
5315 4155
5316 4156
5317 4157
5318 -1
-1 4158
5319 4159
5320 -1
-1 4160
-1 4161
-1 4162
5321 -1
5322 -1
5323 4163
5324 -1
5325 4164
5326 -1
5327 4165
5328 4166
-1 4167
5329 4168
5330 4169
5331 -1
5332 4170
5333 -1
5334 4171
5335 -1
5336 -1
5337 -1
-1 4172
-1 4173
-1 4174
-1 4175
5338 -1
5339 -1
5340 -1
-1 4176
-1 4177
-1 4178
5341 4179
5342 4180
5343 4181
5344 4182
5345 -1
5346 -1
5347 -1
5348 -1
-1 4183
5349 4184
-1 4185
-1 4186
-1 4187
-1 4188
-1 4189
-1 4190
5350 -1
5351 -1
5352 -1
5353 4191
5354 4192
-1 4193
5355 4194
-1 4195
5356 -1
5357 4196
5358 -1
5359 -1
5360 -1
-1 4197
5361 -1
5362 -1
5363 -1
5364 4198
5365 -1
5366 4199
5367 -1
-1 4200
-1 4201
-1 4202
5368 -1
5369 -1
5370 -1
5371 4203
5372 -1
5373 -1
5374 -1
5375 -1
5376 4204
5377 -1
5378 -1
5379 -1
5380 -1
5381 -1
-1 4205
-1 4206
-1 4207
5382 -1
5383 -1
5384 -1
5385 -1
5386 -1
5387 -1
5388 -1
5389 -1
5390 -1
5391 -1
5392 -1
5393 -1
5394 -1
-1 4208
5395 -1
5396 -1
5397 -1
-1 4209
-1 4210
-1 4211
-1 4212
-1 4213
5398 -1
5399 4214
-1 4215
-1 4216
5400 -1
5401 -1
5402 -1
-1 4217
-1 4218
5403 -1
5404 -1
5405 -1
5406 -1
5407 -1
5408 -1
-1 4219
5409 -1
5410 -1
5411 -1
5412 -1
5413 -1
-1 4220
-1 4221
-1 4222
-1 4223
5414 -1
5415 -1
-1 4224
5416 -1
5417 -1
5418 4225
-1 4226
5419 4227
5420 -1
5421 -1
-1 4228
5422 -1
-1 4229
5423 -1
5424 -1
5425 -1
5426 -1
5427 4230
5428 4231
-1 4232
-1 4233
5429 -1
-1 4234
-1 4235
-1 4236
5430 -1
-1 4237
-1 4238
-1 4239
-1 4240
-1 4241
5431 4242
5432 -1
-1 4243
5433 -1
5434 -1
5435 -1
5436 -1
5437 -1
5438 -1
-1 4244
5439 4245
-1 4246
5440 -1
5441 -1
5442 -1
-1 4247
-1 4248
5443 -1
-1 4249
5444 -1
5445 -1
-1 4250
-1 4251
5446 -1
5447 -1
5448 -1
-1 4252
-1 4253
-1 4254
5449 4255
5450 -1
5451 -1
5452 -1
5453 -1
5454 4256
5455 -1
5456 -1
5457 4257
-1 4258
5458 4259
5459 -1
5460 4260
-1 4261
5461 4262
5462 4263
-1 4264
5463 -1
5464 -1
5465 4265
5466 4266
5467 4267
5468 4268
-1 4269
5469 -1
5470 -1
5471 4270
5472 -1
5473 4271
-1 4272
-1 4273
-1 4274
5474 -1
5475 -1
5476 -1
5477 -1
5478 -1
5479 4275
5480 -1
5481 -1
5482 -1
5483 -1
-1 4276
5484 4277
-1 4278
-1 4279
-1 4280
5485 -1
5486 -1
-1 4281
-1 4282
-1 4283
5487 -1
-1 4284
-1 4285
5488 4286
5489 4287
-1 4288
-1 4289
5490 4290
5491 4291
-1 4292
5492 -1
5493 4293
-1 4294
5494 -1
5495 4295
5496 -1
-1 4296
-1 4297
5497 -1
5498 -1
5499 -1
5500 -1
5501 -1
-1 4298
-1 4299
-1 4300
5502 -1
-1 4301
-1 4302
5503 -1
5504 -1
-1 4303
-1 4304
5505 -1
5506 -1
5507 -1
5508 -1
5509 -1
5510 -1
5511 -1
5512 -1
5513 -1
-1 4305
-1 4306
5514 4307
-1 4308
-1 4309
-1 4310
5515 -1
5516 -1
5517 -1
-1 4311
5518 -1
5519 4312
5520 -1
5521 -1
5522 -1
5523 4313
5524 -1
5525 -1
5526 -1
-1 4314
5527 -1
-1 4315
5528 -1
5529 -1
5530 -1
5531 -1
-1 4316
-1 4317
-1 4318
-1 4319
-1 4320
-1 4321
-1 4322
-1 4323
-1 4324
-1 4325
5532 4326
5533 -1
5534 -1
5535 4327
-1 4328
5536 -1
-1 4329
5537 -1
5538 -1
5539 4330
-1 4331
5540 -1
-1 4332
-1 4333
-1 4334
5541 4335
5542 4336
5543 -1
5544 4337
-1 4338
5545 -1
5546 -1
5547 -1
5548 -1
5549 -1
5550 -1
5551 4339
5552 4340
-1 4341
5553 -1
5554 -1
5555 -1
5556 -1
5557 -1
5558 -1
5559 -1
5560 -1
5561 -1
5562 4342
5563 -1
-1 4343
-1 4344
-1 4345
5564 -1
-1 4346
5565 4347
5566 -1
5567 -1
5568 -1
5569 -1
-1 4348
5570 -1
-1 4349
-1 4350
-1 4351
-1 4352
5571 -1
5572 4353
5573 -1
5574 4354
-1 4355
5575 -1
5576 4356
5577 4357
5578 4358
5579 -1
5580 -1
5581 -1
5582 -1
5583 -1
-1 4359
-1 4360
5584 -1
5585 -1
-1 4361
5586 -1
5587 -1
5588 -1
5589 -1
5590 4362
-1 4363
-1 4364
-1 4365
5591 -1
-1 4366
-1 4367
5592 4368
-1 4369
5593 4370
5594 -1
5595 -1
5596 -1
-1 4371
5597 4372
-1 4373
5598 4374
5599 4375
5600 4376
-1 4377
-1 4378
-1 4379
5601 4380
5602 4381
5603 4382
-1 4383
5604 -1
5605 4384
5606 4385
-1 4386
-1 4387
5607 -1
-1 4388
-1 4389
5608 -1
5609 -1
-1 4390
5610 -1
5611 -1
5612 -1
5613 -1
5614 -1
5615 -1
5616 -1
5617 -1
-1 4391
5618 -1
-1 4392
5619 4393
-1 4394
-1 4395
-1 4396
-1 4397
-1 4398
-1 4399
5620 -1
5621 -1
-1 4400
5622 -1
5623 4401
-1 4402
5624 4403
-1 4404
5625 -1
-1 4405
5626 -1
5627 -1
5628 -1
5629 -1
5630 -1
5631 -1
5632 -1
-1 4406
-1 4407
5633 -1
5634 -1
5635 4408
5636 -1
5637 -1
5638 -1
-1 4409
5639 -1
-1 4410
5640 4411
5641 4412
-1 4413
5642 4414
5643 -1
5644 -1
5645 -1
5646 -1
5647 -1
-1 4415
5648 -1
-1 4416
5649 -1
5650 -1
5651 4417
5652 4418
5653 -1
5654 4419
-1 4420
-1 4421
5655 4422
5656 -1
5657 -1
5658 -1
-1 4423
-1 4424
-1 4425
-1 4426
-1 4427
-1 4428
-1 4429
-1 4430
-1 4431
5659 -1
5660 -1
5661 4432
5662 4433
5663 -1
5664 -1
5665 -1
5666 4434
-1 4435
5667 4436
5668 4437
5669 4438
5670 4439
-1 4440
5671 4441
5672 4442
-1 4443
5673 -1
5674 -1
-1 4444
5675 -1
5676 -1
5677 -1
5678 -1
5679 4445
5680 -1
-1 4446
-1 4447
5681 -1
5682 -1
-1 4448
5683 4449
5684 -1
5685 -1
5686 -1
5687 -1
5688 -1
5689 -1
5690 -1
5691 -1
5692 -1
5693 -1
5694 -1
5695 -1
-1 4450
5696 -1
5697 -1
5698 -1
5699 -1
5700 -1
-1 4451
5701 4452
-1 4453
5702 -1
-1 4454
-1 4455
-1 4456
5703 4457
5704 -1
5705 -1
5706 4458
5707 4459
5708 -1
5709 -1
5710 -1
-1 4460
5711 4461
5712 -1
5713 4462
-1 4463
-1 4464
-1 4465
-1 4466
-1 4467
-1 4468
-1 4469
-1 4470
5714 -1
5715 -1
-1 4471
-1 4472
5716 4473
5717 4474
-1 4475
5718 -1
5719 4476
5720 -1
5721 -1
-1 4477
5722 -1
5723 -1
5724 -1
-1 4478
5725 4479
5726 -1
5727 -1
5728 -1
5729 -1
5730 -1
-1 4480
5731 4481
-1 4482
5732 4483
5733 -1
5734 4484
-1 4485
-1 4486
5735 -1
5736 -1
5737 -1
5738 -1
5739 -1
5740 -1
5741 -1
5742 -1
-1 4487
-1 4488
5743 -1
5744 4489
5745 4490
5746 -1
5747 -1
5748 4491
-1 4492
-1 4493
-1 4494
-1 4495
5749 -1
-1 4496
5750 -1
5751 -1
-1 4497
-1 4498
-1 4499
-1 4500
-1 4501
5752 4502
5753 4503
-1 4504
-1 4505
5754 4506
-1 4507
5755 -1
-1 4508
-1 4509
-1 4510
5756 -1
-1 4511
5757 4512
-1 4513
5758 -1
5759 -1
-1 4514
5760 4515
-1 4516
-1 4517
5761 4518
-1 4519
5762 4520
-1 4521
5763 4522
5764 4523
-1 4524
5765 -1
5766 -1
5767 -1
5768 -1
-1 4525
-1 4526
-1 4527
-1 4528
5769 -1
5770 -1
5771 -1
-1 4529
5772 -1
5773 -1
5774 4530
5775 4531
-1 4532
-1 4533
-1 4534
-1 4535
-1 4536
-1 4537
-1 4538
5776 -1
-1 4539
-1 4540
5777 4541
-1 4542
5778 4543
-1 4544
5779 -1
5780 4545
5781 4546
5782 -1
5783 -1
5784 4547
5785 -1
5786 4548
-1 4549
-1 4550
5787 -1
-1 4551
-1 4552
-1 4553
5788 -1
-1 4554
-1 4555
-1 4556
-1 4557
-1 4558
-1 4559
-1 4560
-1 4561
-1 4562
-1 4563
5789 -1
-1 4564
5790 4565
-1 4566
-1 4567
5791 -1
5792 -1
5793 -1
5794 4568
-1 4569
-1 4570
5795 -1
-1 4571
5796 -1
5797 -1
-1 4572
-1 4573
-1 4574
-1 4575
-1 4576
5798 -1
5799 4577
5800 4578
5801 -1
5802 4579
5803 4580
-1 4581
5804 -1
5805 -1
5806 -1
-1 4582
5807 4583
5808 -1
-1 4584
5809 -1
-1 4585
-1 4586
5810 4587
-1 4588
5811 4589
5812 -1
5813 -1
-1 4590
5814 -1
-1 4591
5815 -1
-1 4592
-1 4593
-1 4594
-1 4595
-1 4596
-1 4597
5816 -1
-1 4598
5817 4599
5818 4600
-1 4601
-1 4602
5819 -1
-1 4603
5820 4604
5821 -1
5822 -1
5823 -1
-1 4605
5824 -1
5825 -1
-1 4606
5826 -1
5827 -1
-1 4607
5828 -1
5829 4608
5830 4609
-1 4610
-1 4611
