Enter number of batches:5
Enter the depth value:4
Clustering of initial graph done...

Graph size after batch 1 : 3520
---------------------------------------------------------------------------------
Confusion Matrix: 

0 0 0 0 0 152 0 0 0 0 
0 0 0 0 0 1 0 151 0 0 
0 0 0 5 0 0 0 0 66 81 
0 152 0 0 0 0 0 0 0 0 
152 0 0 0 0 0 0 0 0 0 
0 0 0 0 87 0 65 0 0 0 
0 0 88 0 0 64 0 0 0 0 
0 0 152 0 0 0 0 0 0 0 
0 0 0 0 0 152 0 0 0 0 
0 0 0 147 0 0 0 0 5 0 
0
merged size after 1 batch: 3520

Graph size after batch 2 : 3640
---------------------------------------------------------------------------------
Confusion Matrix: 

0 0 0 0 0 0 0 0 0 164 
0 0 67 0 97 0 0 0 0 0 
0 0 0 0 0 0 3 0 161 0 
0 0 0 164 0 0 0 0 0 0 
164 0 0 0 0 0 0 0 0 0 
0 72 0 0 0 92 0 0 0 0 
0 0 0 0 0 0 0 14 0 150 
0 0 0 0 0 0 0 163 0 1 
0 0 0 0 0 0 1 0 0 163 
0 0 0 0 0 0 164 0 0 0 
0
merged size after 2 batch: 3640

Graph size after batch 3 : 3760
---------------------------------------------------------------------------------
Confusion Matrix: 

0 1 92 0 0 83 0 0 0 0 
1 0 0 0 0 0 0 175 0 0 
0 0 0 1 0 0 0 0 175 0 
0 0 0 0 0 0 176 0 0 0 
0 1 0 0 0 0 0 0 175 0 
0 0 0 0 0 0 0 0 0 176 
0 173 0 0 3 0 0 0 0 0 
0 21 0 0 153 2 0 0 0 0 
176 0 0 0 0 0 0 0 0 0 
0 4 0 172 0 0 0 0 0 0 
0
merged size after 3 batch: 3760

Graph size after batch 4 : 3880
---------------------------------------------------------------------------------
Confusion Matrix: 

0 0 4 0 0 4 0 180 0 0 
0 0 0 107 0 0 81 0 0 0 
0 0 1 0 0 0 0 0 187 0 
0 0 0 0 0 0 0 0 0 188 
188 0 0 0 0 0 0 0 0 0 
0 93 0 0 95 0 0 0 0 0 
0 0 0 0 0 188 0 0 0 0 
0 0 1 0 0 11 0 176 0 0 
0 0 179 0 0 9 0 0 0 0 
0 0 184 0 0 4 0 0 0 0 
0
merged size after 4 batch: 3880

Graph size after batch 5 : 4000
---------------------------------------------------------------------------------
Confusion Matrix: 

0 0 0 0 0 0 0 200 0 0 
0 88 0 0 0 0 0 0 0 112 
0 0 107 0 0 0 0 0 93 0 
200 0 0 0 0 0 0 0 0 0 
0 0 0 0 200 0 0 0 0 0 
0 0 0 82 0 80 38 0 0 0 
0 0 0 0 0 0 0 200 0 0 
0 0 0 0 0 0 0 200 0 0 
0 0 0 0 0 0 0 200 0 0 
0 0 0 0 0 0 0 200 0 0 
0
merged size after 5 batch: 4000

---------------------------------------------------------------------------------
Confusion Matrix: 

0 0 200 0 0 0 0 0 0 0 
112 0 0 0 0 0 0 0 88 0 
0 93 0 0 0 0 0 107 0 0 
0 0 0 0 0 0 0 0 0 200 
0 0 0 0 0 200 0 0 0 0 
0 0 0 38 80 0 82 0 0 0 
0 0 200 0 0 0 0 0 0 0 
0 0 200 0 0 0 0 0 0 0 
0 0 200 0 0 0 0 0 0 0 
0 0 200 0 0 0 0 0 0 0 
