The matrix U having left singular vectors is:
[matrix size: 60x3; n_nonzero: 180; density: 100.00%]

     (0, 0)        -0.1011
     (1, 0)        -0.1329
     (2, 0)        -0.1216
     (3, 0)        -0.1443
     (4, 0)        -0.1533
     (5, 0)        -0.1640
     (6, 0)        -0.0914
     (7, 0)        -0.1318
     (8, 0)        -0.1092
     (9, 0)        -0.1051
    (10, 0)        -0.1419
    (11, 0)        -0.0945
    (12, 0)        -0.1232
    (13, 0)        -0.1321
    (14, 0)        -0.1686
    (15, 0)        -0.1272
    (16, 0)        -0.1406
    (17, 0)        -0.1605
    (18, 0)        -0.1286
    (19, 0)        -0.1396
    (20, 0)        -0.1350
    (21, 0)        -0.1671
    (22, 0)        -0.1078
    (23, 0)        -0.1048
    (24, 0)        -0.1375
    (25, 0)        -0.1315
    (26, 0)        -0.1083
    (27, 0)        -0.1523
    (28, 0)        -0.1433
    (29, 0)        -0.1238
    (30, 0)        -0.1319
    (31, 0)        -0.1254
    (32, 0)        -0.1419
    (33, 0)        -0.1427
    (34, 0)        -0.1203
    (35, 0)        -0.1318
    (36, 0)        -0.1440
    (37, 0)        -0.1322
    (38, 0)        -0.1077
    (39, 0)        -0.1248
    (40, 0)        -0.1075
    (41, 0)        -0.1429
    (42, 0)        -0.1130
    (43, 0)        -0.1229
    (44, 0)        -0.1118
    (45, 0)        -0.1201
    (46, 0)        -0.1067
    (47, 0)        -0.0979
    (48, 0)        -0.1379
    (49, 0)        -0.1265
    (50, 0)        -0.1182
    (51, 0)        -0.1402
    (52, 0)        -0.1550
    (53, 0)        -0.0949
    (54, 0)        -0.1438
    (55, 0)        -0.1093
    (56, 0)        -0.1428
    (57, 0)        -0.1195
    (58, 0)        -0.1048
    (59, 0)        -0.1234
     (0, 1)         0.0171
     (1, 1)        -0.1754
     (2, 1)         0.1453
     (3, 1)         0.0229
     (4, 1)        -0.1873
     (5, 1)         0.1938
     (6, 1)         0.0188
     (7, 1)        -0.1748
     (8, 1)         0.1312
     (9, 1)         0.0233
    (10, 1)        -0.1816
    (11, 1)         0.1031
    (12, 1)         0.0311
    (13, 1)        -0.1671
    (14, 1)         0.1921
    (15, 1)         0.0396
    (16, 1)        -0.1920
    (17, 1)         0.1863
    (18, 1)         0.0293
    (19, 1)        -0.1945
    (20, 1)         0.1456
    (21, 1)         0.0238
    (22, 1)        -0.1431
    (23, 1)         0.1195
    (24, 1)         0.0355
    (25, 1)        -0.1740
    (26, 1)         0.1146
    (27, 1)         0.0367
    (28, 1)        -0.1733
    (29, 1)         0.1444
    (30, 1)         0.0189
    (31, 1)        -0.1630
    (32, 1)         0.1633
    (33, 1)         0.0314
    (34, 1)        -0.1548
    (35, 1)         0.1502
    (36, 1)         0.0352
    (37, 1)        -0.1835
    (38, 1)         0.1289
    (39, 1)         0.0391
    (40, 1)        -0.1500
    (41, 1)         0.1636
    (42, 1)         0.0077
    (43, 1)        -0.1709
    (44, 1)         0.1220
    (45, 1)         0.0230
    (46, 1)        -0.1380
    (47, 1)         0.1105
    (48, 1)         0.0255
    (49, 1)        -0.1523
    (50, 1)         0.1337
    (51, 1)         0.0328
    (52, 1)        -0.2080
    (53, 1)         0.0927
    (54, 1)         0.0271
    (55, 1)        -0.1462
    (56, 1)         0.1496
    (57, 1)         0.0294
    (58, 1)        -0.1300
    (59, 1)         0.1230
     (0, 2)        -0.1128
     (1, 2)         0.0691
     (2, 2)         0.1155
     (3, 2)        -0.1856
     (4, 2)         0.0660
     (5, 2)         0.1551
     (6, 2)        -0.0591
     (7, 2)         0.0727
     (8, 2)         0.1038
     (9, 2)        -0.1652
    (10, 2)         0.0733
    (11, 2)         0.0835
    (12, 2)        -0.1711
    (13, 2)         0.0739
    (14, 2)         0.1582
    (15, 2)        -0.1633
    (16, 2)         0.0773
    (17, 2)         0.1525
    (18, 2)        -0.1974
    (19, 2)         0.0802
    (20, 2)         0.1039
    (21, 2)        -0.2188
    (22, 2)         0.0588
    (23, 2)         0.0955
    (24, 2)        -0.1990
    (25, 2)         0.0737
    (26, 2)         0.0975
    (27, 2)        -0.2251
    (28, 2)         0.0750
    (29, 2)         0.1194
    (30, 2)        -0.1774
    (31, 2)         0.0587
    (32, 2)         0.1335
    (33, 2)        -0.1808
    (34, 2)         0.0524
    (35, 2)         0.1162
    (36, 2)        -0.2143
    (37, 2)         0.0763
    (38, 2)         0.1064
    (39, 2)        -0.1571
    (40, 2)         0.0634
    (41, 2)         0.1265
    (42, 2)        -0.1326
    (43, 2)         0.0714
    (44, 2)         0.0765
    (45, 2)        -0.1716
    (46, 2)         0.0514
    (47, 2)         0.0762
    (48, 2)        -0.1968
    (49, 2)         0.0726
    (50, 2)         0.1049
    (51, 2)        -0.2028
    (52, 2)         0.0836
    (53, 2)         0.0856
    (54, 2)        -0.1974
    (55, 2)         0.0562
    (56, 2)         0.1255
    (57, 2)        -0.1761
    (58, 2)         0.0394
    (59, 2)         0.1138


The matrix V of right singular vectors is
[matrix size: 60x3; n_nonzero: 180; density: 100.00%]

     (0, 0)        -0.1171
     (1, 0)        -0.1055
     (2, 0)        -0.0942
     (3, 0)        -0.1444
     (4, 0)        -0.1191
     (5, 0)        -0.1011
     (6, 0)        -0.1526
     (7, 0)        -0.1349
     (8, 0)        -0.1470
     (9, 0)        -0.1116
    (10, 0)        -0.1237
    (11, 0)        -0.1437
    (12, 0)        -0.0839
    (13, 0)        -0.1400
    (14, 0)        -0.0962
    (15, 0)        -0.1262
    (16, 0)        -0.1728
    (17, 0)        -0.1087
    (18, 0)        -0.1332
    (19, 0)        -0.1625
    (20, 0)        -0.1418
    (21, 0)        -0.1334
    (22, 0)        -0.1392
    (23, 0)        -0.1668
    (24, 0)        -0.1220
    (25, 0)        -0.1088
    (26, 0)        -0.0763
    (27, 0)        -0.1334
    (28, 0)        -0.0753
    (29, 0)        -0.1530
    (30, 0)        -0.1415
    (31, 0)        -0.1419
    (32, 0)        -0.1213
    (33, 0)        -0.1319
    (34, 0)        -0.0975
    (35, 0)        -0.1329
    (36, 0)        -0.1322
    (37, 0)        -0.1611
    (38, 0)        -0.1048
    (39, 0)        -0.1522
    (40, 0)        -0.1168
    (41, 0)        -0.0897
    (42, 0)        -0.0953
    (43, 0)        -0.1445
    (44, 0)        -0.1574
    (45, 0)        -0.1724
    (46, 0)        -0.1288
    (47, 0)        -0.1234
    (48, 0)        -0.1317
    (49, 0)        -0.1290
    (50, 0)        -0.1611
    (51, 0)        -0.1480
    (52, 0)        -0.0947
    (53, 0)        -0.1315
    (54, 0)        -0.0920
    (55, 0)        -0.1434
    (56, 0)        -0.1215
    (57, 0)        -0.1045
    (58, 0)        -0.1216
    (59, 0)        -0.1219
     (0, 1)         0.0243
     (1, 1)        -0.1447
     (2, 1)         0.1063
     (3, 1)         0.0320
     (4, 1)        -0.1639
     (5, 1)         0.0982
     (6, 1)         0.0357
     (7, 1)        -0.1711
     (8, 1)         0.1663
     (9, 1)         0.0262
    (10, 1)        -0.1475
    (11, 1)         0.1707
    (12, 1)         0.0190
    (13, 1)        -0.1596
    (14, 1)         0.1001
    (15, 1)         0.0124
    (16, 1)        -0.2279
    (17, 1)         0.1277
    (18, 1)         0.0323
    (19, 1)        -0.2231
    (20, 1)         0.1669
    (21, 1)         0.0225
    (22, 1)        -0.1873
    (23, 1)         0.1890
    (24, 1)         0.0389
    (25, 1)        -0.1459
    (26, 1)         0.0893
    (27, 1)         0.0212
    (28, 1)        -0.1002
    (29, 1)         0.1837
    (30, 1)         0.0284
    (31, 1)        -0.1949
    (32, 1)         0.1314
    (33, 1)         0.0298
    (34, 1)        -0.1101
    (35, 1)         0.1302
    (36, 1)         0.0296
    (37, 1)        -0.2171
    (38, 1)         0.1199
    (39, 1)         0.0395
    (40, 1)        -0.1146
    (41, 1)         0.1055
    (42, 1)         0.0324
    (43, 1)        -0.1962
    (44, 1)         0.1761
    (45, 1)         0.0411
    (46, 1)        -0.1535
    (47, 1)         0.1354
    (48, 1)         0.0281
    (49, 1)        -0.1753
    (50, 1)         0.1807
    (51, 1)         0.0313
    (52, 1)        -0.1100
    (53, 1)         0.1538
    (54, 1)         0.0215
    (55, 1)        -0.1931
    (56, 1)         0.1247
    (57, 1)         0.0222
    (58, 1)        -0.1625
    (59, 1)         0.1451
     (0, 2)        -0.1791
     (1, 2)         0.0596
     (2, 2)         0.0916
     (3, 2)        -0.2133
     (4, 2)         0.0662
     (5, 2)         0.0609
     (6, 2)        -0.2174
     (7, 2)         0.0714
     (8, 2)         0.1242
     (9, 2)        -0.1459
    (10, 2)         0.0457
    (11, 2)         0.1357
    (12, 2)        -0.0861
    (13, 2)         0.0596
    (14, 2)         0.0775
    (15, 2)        -0.1465
    (16, 2)         0.0937
    (17, 2)         0.1019
    (18, 2)        -0.2077
    (19, 2)         0.0914
    (20, 2)         0.1322
    (21, 2)        -0.1628
    (22, 2)         0.0764
    (23, 2)         0.1495
    (24, 2)        -0.1589
    (25, 2)         0.0604
    (26, 2)         0.0659
    (27, 2)        -0.1840
    (28, 2)         0.0431
    (29, 2)         0.1496
    (30, 2)        -0.2083
    (31, 2)         0.0819
    (32, 2)         0.1023
    (33, 2)        -0.1710
    (34, 2)         0.0245
    (35, 2)         0.1143
    (36, 2)        -0.1875
    (37, 2)         0.0928
    (38, 2)         0.1007
    (39, 2)        -0.2122
    (40, 2)         0.0550
    (41, 2)         0.0830
    (42, 2)        -0.1244
    (43, 2)         0.0790
    (44, 2)         0.1277
    (45, 2)        -0.2319
    (46, 2)         0.0443
    (47, 2)         0.1150
    (48, 2)        -0.1883
    (49, 2)         0.0672
    (50, 2)         0.1532
    (51, 2)        -0.2172
    (52, 2)         0.0316
    (53, 2)         0.1253
    (54, 2)        -0.1132
    (55, 2)         0.0811
    (56, 2)         0.1138
    (57, 2)        -0.1537
    (58, 2)         0.0650
    (59, 2)         0.1156


The vector s of singular values is
   1.0000
   0.9744
   0.9604

 The matrix z having constructed from U and V and having the l(logk)=2 eigen vectors of the laplacian is:
[matrix size: 120x2; n_nonzero: 240; density: 100.00%]

     (0, 0)         0.0101
     (1, 0)        -0.0791
     (2, 0)         0.0716
     (3, 0)         0.0095
     (4, 0)        -0.0732
     (5, 0)         0.0708
     (6, 0)         0.0123
     (7, 0)        -0.0794
     (8, 0)         0.0720
     (9, 0)         0.0133
    (10, 0)        -0.0767
    (11, 0)         0.0653
    (12, 0)         0.0151
    (13, 0)        -0.0758
    (14, 0)         0.0683
    (15, 0)         0.0187
    (16, 0)        -0.0818
    (17, 0)         0.0695
    (18, 0)         0.0137
    (19, 0)        -0.0835
    (20, 0)         0.0646
    (21, 0)         0.0085
    (22, 0)        -0.0795
    (23, 0)         0.0683
    (24, 0)         0.0154
    (25, 0)        -0.0793
    (26, 0)         0.0634
    (27, 0)         0.0144
    (28, 0)        -0.0725
    (29, 0)         0.0699
    (30, 0)         0.0086
    (31, 0)        -0.0779
    (32, 0)         0.0689
    (33, 0)         0.0132
    (34, 0)        -0.0771
    (35, 0)         0.0683
    (36, 0)         0.0147
    (37, 0)        -0.0831
    (38, 0)         0.0717
    (39, 0)         0.0188
    (40, 0)        -0.0836
    (41, 0)         0.0686
    (42, 0)         0.0041
    (43, 0)        -0.0833
    (44, 0)         0.0654
    (45, 0)         0.0115
    (46, 0)        -0.0775
    (47, 0)         0.0676
    (48, 0)         0.0111
    (49, 0)        -0.0721
    (50, 0)         0.0678
    (51, 0)         0.0140
    (52, 0)        -0.0804
    (53, 0)         0.0585
    (54, 0)         0.0113
    (55, 0)        -0.0801
    (56, 0)         0.0628
    (57, 0)         0.0148
    (58, 0)        -0.0743
    (59, 0)         0.0597
    (60, 0)         0.0125
    (61, 0)        -0.0822
    (62, 0)         0.0677
    (63, 0)         0.0133
    (64, 0)        -0.0825
    (65, 0)         0.0582
    (66, 0)         0.0140
    (67, 0)        -0.0760
    (68, 0)         0.0678
    (69, 0)         0.0141
    (70, 0)        -0.0715
    (71, 0)         0.0712
    (72, 0)         0.0135
    (73, 0)        -0.0683
    (74, 0)         0.0623
    (75, 0)         0.0059
    (76, 0)        -0.0790
    (77, 0)         0.0704
    (78, 0)         0.0145
    (79, 0)        -0.0822
    (80, 0)         0.0705
    (81, 0)         0.0101
    (82, 0)        -0.0806
    (83, 0)         0.0679
    (84, 0)         0.0191
    (85, 0)        -0.0803
    (86, 0)         0.0702
    (87, 0)         0.0095
    (88, 0)        -0.0797
    (89, 0)         0.0719
    (90, 0)         0.0120
    (91, 0)        -0.0823
    (92, 0)         0.0649
    (93, 0)         0.0135
    (94, 0)        -0.0677
    (95, 0)         0.0587
    (96, 0)         0.0134
    (97, 0)        -0.0807
    (98, 0)         0.0686
    (99, 0)         0.0156
   (100, 0)        -0.0588
   (101, 0)         0.0705
   (102, 0)         0.0204
   (103, 0)        -0.0813
   (104, 0)         0.0671
   (105, 0)         0.0143
   (106, 0)        -0.0714
   (107, 0)         0.0657
   (108, 0)         0.0128
   (109, 0)        -0.0814
   (110, 0)         0.0672
   (111, 0)         0.0127
   (112, 0)        -0.0695
   (113, 0)         0.0701
   (114, 0)         0.0140
   (115, 0)        -0.0807
   (116, 0)         0.0615
   (117, 0)         0.0127
   (118, 0)        -0.0801
   (119, 0)         0.0713
     (0, 1)        -0.0668
     (1, 1)         0.0312
     (2, 1)         0.0569
     (3, 1)        -0.0771
     (4, 1)         0.0258
     (5, 1)         0.0567
     (6, 1)        -0.0387
     (7, 1)         0.0330
     (8, 1)         0.0570
     (9, 1)        -0.0941
    (10, 1)         0.0309
    (11, 1)         0.0529
    (12, 1)        -0.0832
    (13, 1)         0.0335
    (14, 1)         0.0562
    (15, 1)        -0.0769
    (16, 1)         0.0330
    (17, 1)         0.0569
    (18, 1)        -0.0919
    (19, 1)         0.0344
    (20, 1)         0.0461
    (21, 1)        -0.0784
    (22, 1)         0.0327
    (23, 1)         0.0546
    (24, 1)        -0.0867
    (25, 1)         0.0336
    (26, 1)         0.0539
    (27, 1)        -0.0885
    (28, 1)         0.0314
    (29, 1)         0.0578
    (30, 1)        -0.0805
    (31, 1)         0.0281
    (32, 1)         0.0564
    (33, 1)        -0.0759
    (34, 1)         0.0261
    (35, 1)         0.0528
    (36, 1)        -0.0891
    (37, 1)         0.0346
    (38, 1)         0.0592
    (39, 1)        -0.0754
    (40, 1)         0.0354
    (41, 1)         0.0530
    (42, 1)        -0.0703
    (43, 1)         0.0348
    (44, 1)         0.0410
    (45, 1)        -0.0856
    (46, 1)         0.0289
    (47, 1)         0.0467
    (48, 1)        -0.0855
    (49, 1)         0.0344
    (50, 1)         0.0532
    (51, 1)        -0.0866
    (52, 1)         0.0323
    (53, 1)         0.0541
    (54, 1)        -0.0823
    (55, 1)         0.0308
    (56, 1)         0.0527
    (57, 1)        -0.0883
    (58, 1)         0.0225
    (59, 1)         0.0553
    (60, 1)        -0.0916
    (61, 1)         0.0338
    (62, 1)         0.0583
    (63, 1)        -0.0885
    (64, 1)         0.0333
    (65, 1)         0.0361
    (66, 1)        -0.0853
    (67, 1)         0.0317
    (68, 1)         0.0506
    (69, 1)        -0.0783
    (70, 1)         0.0221
    (71, 1)         0.0566
    (72, 1)        -0.0615
    (73, 1)         0.0255
    (74, 1)         0.0482
    (75, 1)        -0.0695
    (76, 1)         0.0325
    (77, 1)         0.0562
    (78, 1)        -0.0935
    (79, 1)         0.0337
    (80, 1)         0.0559
    (81, 1)        -0.0731
    (82, 1)         0.0329
    (83, 1)         0.0537
    (84, 1)        -0.0780
    (85, 1)         0.0332
    (86, 1)         0.0518
    (87, 1)        -0.0826
    (88, 1)         0.0343
    (89, 1)         0.0586
    (90, 1)        -0.0882
    (91, 1)         0.0346
    (92, 1)         0.0505
    (93, 1)        -0.0777
    (94, 1)         0.0151
    (95, 1)         0.0515
    (96, 1)        -0.0850
    (97, 1)         0.0345
    (98, 1)         0.0576
    (99, 1)        -0.0835
   (100, 1)         0.0282
   (101, 1)         0.0555
   (102, 1)        -0.0782
   (103, 1)         0.0328
   (104, 1)         0.0486
   (105, 1)        -0.0806
   (106, 1)         0.0206
   (107, 1)         0.0559
   (108, 1)        -0.0857
   (109, 1)         0.0312
   (110, 1)         0.0570
   (111, 1)        -0.0879
   (112, 1)         0.0200
   (113, 1)         0.0571
   (114, 1)        -0.0737
   (115, 1)         0.0339
   (116, 1)         0.0561
   (117, 1)        -0.0881
   (118, 1)         0.0320
   (119, 1)         0.0568


