The matrix U having left singular vectors is:
[matrix size: 24x3; n_nonzero: 72; density: 100.00%]

     (0, 0)        -2.5035e-02
     (1, 0)        -4.5217e-02
     (2, 0)        -3.7734e-02
     (3, 0)        -4.5951e-02
     (4, 0)        -3.1878e-02
     (5, 0)        -4.4607e-02
     (6, 0)        -3.7654e-02
     (7, 0)        -4.4675e-02
     (8, 0)        -2.3660e-02
     (9, 0)         7.1370e-01
    (10, 0)        -3.0810e-02
    (11, 0)        -2.4420e-02
    (12, 0)        -2.4544e-02
    (13, 0)        -4.8086e-02
    (14, 0)        -4.3642e-02
    (15, 0)        -2.6222e-02
    (16, 0)        -3.8135e-02
    (17, 0)        -3.7654e-02
    (18, 0)         6.7942e-01
    (19, 0)        -4.3080e-02
    (20, 0)        -3.1300e-02
    (21, 0)        -3.3552e-02
    (22, 0)        -3.8215e-02
    (23, 0)        -2.2063e-02
     (0, 1)         1.4481e-01
     (1, 1)         2.6155e-01
     (2, 1)         2.1827e-01
     (3, 1)         2.6580e-01
     (4, 1)         1.8440e-01
     (5, 1)         2.5803e-01
     (6, 1)         2.1781e-01
     (7, 1)         2.5842e-01
     (8, 1)         1.3686e-01
     (9, 1)         1.2338e-01
    (10, 1)         1.7822e-01
    (11, 1)         1.4126e-01
    (12, 1)         1.4197e-01
    (13, 1)         2.7815e-01
    (14, 1)         2.5244e-01
    (15, 1)         1.5168e-01
    (16, 1)         2.2059e-01
    (17, 1)         2.1781e-01
    (18, 1)         1.1746e-01
    (19, 1)         2.4920e-01
    (20, 1)         1.8105e-01
    (21, 1)         1.9408e-01
    (22, 1)         2.2105e-01
    (23, 1)         1.2763e-01
     (0, 2)         1.1322e-01
     (1, 2)        -2.7017e-01
     (2, 2)         2.7129e-01
     (3, 2)         1.6633e-02
     (4, 2)        -1.8081e-01
     (5, 2)         3.1203e-01
     (6, 2)         3.6404e-02
     (7, 2)        -2.5808e-01
     (8, 2)         2.7337e-01
     (9, 2)         3.4127e-14
    (10, 2)        -1.7401e-01
    (11, 2)         1.5266e-01
    (12, 2)         4.5333e-02
    (13, 2)        -3.0064e-01
    (14, 2)         3.1270e-01
    (15, 2)         1.2327e-01
    (16, 2)        -2.3711e-01
    (17, 2)         2.6986e-01
    (18, 2)        -2.4113e-14
    (19, 2)        -2.7097e-01
    (20, 2)         1.6908e-01
    (21, 2)         6.6196e-02
    (22, 2)        -2.2013e-01
    (23, 2)         1.5717e-01


The matrix V of right singular vectors is
[matrix size: 24x3; n_nonzero: 72; density: 100.00%]

     (0, 0)         6.8409e-01
     (1, 0)        -3.0111e-02
     (2, 0)        -2.2608e-02
     (3, 0)        -2.2608e-02
     (4, 0)        -3.7895e-02
     (5, 0)        -2.8555e-02
     (6, 0)        -3.1686e-02
     (7, 0)        -3.8135e-02
     (8, 0)        -4.0232e-02
     (9, 0)        -4.0156e-02
    (10, 0)        -3.1202e-02
    (11, 0)        -3.1105e-02
    (12, 0)        -1.2085e-02
    (13, 0)        -4.6673e-02
    (14, 0)        -2.4791e-02
    (15, 0)        -3.1105e-02
    (16, 0)        -5.0494e-02
    (17, 0)        -2.3008e-02
    (18, 0)         7.0922e-01
    (19, 0)        -4.4196e-02
    (20, 0)        -4.9274e-02
    (21, 0)        -3.8135e-02
    (22, 0)        -4.4058e-02
    (23, 0)        -4.9459e-02
     (0, 1)         1.1826e-01
     (1, 1)         1.7417e-01
     (2, 1)         1.3078e-01
     (3, 1)         1.3078e-01
     (4, 1)         2.1920e-01
     (5, 1)         1.6517e-01
     (6, 1)         1.8329e-01
     (7, 1)         2.2059e-01
     (8, 1)         2.3272e-01
     (9, 1)         2.3228e-01
    (10, 1)         1.8049e-01
    (11, 1)         1.7992e-01
    (12, 1)         6.9903e-02
    (13, 1)         2.6998e-01
    (14, 1)         1.4340e-01
    (15, 1)         1.7992e-01
    (16, 1)         2.9208e-01
    (17, 1)         1.3309e-01
    (18, 1)         1.2261e-01
    (19, 1)         2.5565e-01
    (20, 1)         2.8502e-01
    (21, 1)         2.2059e-01
    (22, 1)         2.5485e-01
    (23, 1)         2.8609e-01
     (0, 2)         1.8489e-13
     (1, 2)        -1.9231e-01
     (2, 2)         1.6500e-01
     (3, 2)         8.3357e-03
     (4, 2)        -2.3359e-01
     (5, 2)         1.0513e-01
     (6, 2)         3.7245e-02
     (7, 2)        -2.2277e-01
     (8, 2)         2.8137e-01
     (9, 2)         1.5820e-01
    (10, 2)        -1.9386e-01
    (11, 2)         2.2745e-01
    (12, 2)        -8.6637e-03
    (13, 2)        -2.3693e-01
    (14, 2)         1.6489e-01
    (15, 2)         2.0146e-02
    (16, 2)        -2.9569e-01
    (17, 2)         2.7078e-01
    (18, 2)        -1.4749e-13
    (19, 2)        -2.7831e-01
    (20, 2)         3.4023e-01
    (21, 2)         4.3723e-02
    (22, 2)        -2.6244e-01
    (23, 2)         3.4207e-01


The vector s of singular values is
   1.0000
   1.0000
   0.9818

 The matrix z having constructed from U and V and having the l(logk)=2 eigen vectors of the laplacian is:
[matrix size: 48x2; n_nonzero: 96; density: 100.00%]

     (0, 0)         1.4269e-01
     (1, 0)         1.4269e-01
     (2, 0)         1.4269e-01
     (3, 0)         1.4269e-01
     (4, 0)         1.4269e-01
     (5, 0)         1.4269e-01
     (6, 0)         1.4269e-01
     (7, 0)         1.4269e-01
     (8, 0)         1.4269e-01
     (9, 0)         9.7542e-02
    (10, 0)         1.4269e-01
    (11, 0)         1.4269e-01
    (12, 0)         1.4269e-01
    (13, 0)         1.4269e-01
    (14, 0)         1.4269e-01
    (15, 0)         1.4269e-01
    (16, 0)         1.4269e-01
    (17, 0)         1.4269e-01
    (18, 0)         9.7542e-02
    (19, 0)         1.4269e-01
    (20, 0)         1.4269e-01
    (21, 0)         1.4269e-01
    (22, 0)         1.4269e-01
    (23, 0)         1.4269e-01
    (24, 0)         9.7542e-02
    (25, 0)         1.4269e-01
    (26, 0)         1.4269e-01
    (27, 0)         1.4269e-01
    (28, 0)         1.4269e-01
    (29, 0)         1.4269e-01
    (30, 0)         1.4269e-01
    (31, 0)         1.4269e-01
    (32, 0)         1.4269e-01
    (33, 0)         1.4269e-01
    (34, 0)         1.4269e-01
    (35, 0)         1.4269e-01
    (36, 0)         1.4269e-01
    (37, 0)         1.4269e-01
    (38, 0)         1.4269e-01
    (39, 0)         1.4269e-01
    (40, 0)         1.4269e-01
    (41, 0)         1.4269e-01
    (42, 0)         9.7542e-02
    (43, 0)         1.4269e-01
    (44, 0)         1.4269e-01
    (45, 0)         1.4269e-01
    (46, 0)         1.4269e-01
    (47, 0)         1.4269e-01
     (0, 1)         1.1156e-01
     (1, 1)        -1.4739e-01
     (2, 1)         1.7735e-01
     (3, 1)         8.9291e-03
     (4, 1)        -1.3991e-01
     (5, 1)         1.7255e-01
     (6, 1)         2.3849e-02
     (7, 1)        -1.4250e-01
     (8, 1)         2.8501e-01
     (9, 1)         2.6980e-14
    (10, 1)        -1.3932e-01
    (11, 1)         1.5421e-01
    (12, 1)         4.5561e-02
    (13, 1)        -1.5423e-01
    (14, 1)         1.7675e-01
    (15, 1)         1.1597e-01
    (16, 1)        -1.5337e-01
    (17, 1)         1.7679e-01
    (18, 1)        -2.0025e-14
    (19, 1)        -1.5515e-01
    (20, 1)         1.3325e-01
    (21, 1)         4.8668e-02
    (22, 1)        -1.4209e-01
    (23, 1)         1.7573e-01
    (24, 1)         1.5250e-13
    (25, 1)        -1.5755e-01
    (26, 1)         1.8003e-01
    (27, 1)         9.0950e-03
    (28, 1)        -1.5205e-01
    (29, 1)         9.0822e-02
    (30, 1)         2.8995e-02
    (31, 1)        -1.4410e-01
    (32, 1)         1.7252e-01
    (33, 1)         9.7183e-02
    (34, 1)        -1.5326e-01
    (35, 1)         1.8038e-01
    (36, 1)        -1.7685e-02
    (37, 1)        -1.2522e-01
    (38, 1)         1.6407e-01
    (39, 1)         1.5977e-02
    (40, 1)        -1.4446e-01
    (41, 1)         2.9030e-01
    (42, 1)        -1.1734e-13
    (43, 1)        -1.5534e-01
    (44, 1)         1.7033e-01
    (45, 1)         2.8282e-02
    (46, 1)        -1.4694e-01
    (47, 1)         1.7061e-01


