200 80 2 1282
0 30 0.3200408645570646
0 66 0.28911573876231944
0 76 0.2070131537370938
1 20 0.24083524296620482
1 22 0.19029471339954443
1 34 0.2864729452536134
1 41 0.2525670005702175
1 71 0.2662854877480306
1 73 0.3126679842089529
2 5 0.1523600051837931
2 13 0.2014374018797287
2 28 0.31879141073525397
2 36 0.3442544359877804
2 42 0.2165397537045125
2 57 0.16737380157875648
2 61 0.25214642861054165
3 37 0.3915591514418605
3 45 0.22256625085048568
3 49 0.3311048898030972
3 54 0.1282942217747851
3 55 0.32638044927745025
3 65 0.31803869858811257
3 69 0.2554991279133828
3 77 0.23534550340825156
4 19 0.20908392276288118
4 30 0.34306730454655454
4 37 0.18537563815869873
4 43 0.10845615488495808
4 50 0.25664667396515994
4 51 0.26186663421790124
4 58 0.36841289960611123
4 62 0.21874861059328746
4 68 0.28843669655997606
4 75 0.2949381153304917
5 14 0.2594845174306679
5 36 0.19030607339848038
5 53 0.31367905071171065
5 57 0.39773035579095195
5 58 0.11378815683888076
5 72 0.2148275205462915
5 74 0.2914453356517077
5 75 0.32837115526540794
5 78 0.2930925503994644
6 8 0.32169501717411264
6 13 0.1734664961327534
6 42 0.26917112727169784
6 74 0.34084914912556286
7 0 0.1482863387430467
7 31 0.2989204541906732
7 45 0.25583655924086635
7 53 0.30592498079888203
7 55 0.3823719104265393
7 62 0.18387686362694655
7 72 0.2869505112362052
8 2 0.3001091788155382
8 3 0.23472763528932372
8 4 0.23539806429648819
8 22 0.3127598674048223
8 60 0.3642448440020035
8 64 0.25161764530000263
9 16 0.23008438385529817
9 17 0.320721020199155
9 22 0.1962589121535384
9 36 0.24485711365290425
9 37 0.291602015811092
9 49 0.3620071502797132
9 51 0.2415030383175305
9 66 0.17752430248471524
9 69 0.37381150192175483
9 70 0.21102645076296367
10 19 0.119804091865636
10 20 0.27601653491186295
10 30 0.2425094560093494
10 58 0.26330208199910515
10 62 0.3983790235153756
10 74 0.21735333825703418
11 1 0.3860854222005198
11 7 0.3158067126442304
11 11 0.25974305009282
11 25 0.2821630649933506
11 31 0.2234202021634449
11 42 0.23823617745499448
11 49 0.23975056790732371
11 66 0.2886625044658195
11 71 0.379419848928253
11 73 0.22499571943241467
12 14 0.29598923222358986
12 24 0.2509093760278755
12 73 0.21579244824889732
12 79 0.26030138074514253
13 7 0.22333275126320662
13 17 0.3644957574150266
13 33 0.3034151927116926
13 51 0.29439126917481845
13 55 0.3159285386931205
13 73 0.39947622647864167
13 79 0.25987609743005907
14 3 0.22370846502917108
14 29 0.2560194893027138
14 30 0.3838697203630293
14 62 0.28471786379489167
14 65 0.18322543399943472
14 79 0.28218647006679143
15 16 0.15568572941115985
15 35 0.3653424421443566
15 39 0.24865028204098055
15 62 0.20209658977375367
15 66 0.2536883623457329
15 69 0.3914822482812116
16 3 0.2958610339315648
16 9 0.25348610817817896
16 10 0.30601147198990336
16 28 0.37446707309137994
16 45 0.12812351569238828
16 62 0.24891161307420107
16 64 0.32605183192177933
16 65 0.20357859213122387
16 72 0.39474451720749587
17 21 0.32454593023743616
17 27 0.34793189995984386
17 28 0.19509105615282699
17 41 0.28009752592075693
17 49 0.24170970085092078
17 63 0.3263585998998929
17 75 0.39052269878385054
18 4 0.3384662167746806
18 44 0.33802854562489315
18 47 0.20805488633956443
19 6 0.1909439631216336
19 9 0.35307618537424734
19 17 0.32496900978050464
19 20 0.24020167964661499
19 21 0.3151400116898396
19 25 0.3259093840455063
19 35 0.38936465090113787
19 55 0.26605072665048546
19 59 0.2885952107378344
19 60 0.10995937270902062
19 62 0.19503743768647674
19 65 0.31492563346877755
20 27 0.13693675985693618
20 46 0.20605454886397498
20 58 0.39986804812415155
20 74 0.25968007917449015
21 2 0.24031296500361954
21 5 0.35944190536377657
21 28 0.18716589240270437
22 21 0.20294856572777636
22 42 0.3913351428118851
22 54 0.3507622903758201
22 60 0.25963765569358505
22 67 0.10025839723750499
22 75 0.1637664270156227
23 48 0.19017084225133146
23 71 0.3764249269599377
23 77 0.3160386163589171
24 7 0.1298701716610099
24 25 0.15719447277938345
24 33 0.28424352724881585
24 42 0.3573188594231823
24 51 0.23091613931060162
24 65 0.1343775349490407
25 5 0.3018251227426251
25 25 0.2668382536431123
25 62 0.10182653415888179
25 71 0.3832708014249918
25 79 0.2328699565801423
26 58 0.24380815574932563
26 73 0.10694678856979317
27 2 0.10713178152666612
27 3 0.31791286293174387
27 4 0.2917363484137836
27 25 0.24536683365713086
27 44 0.1803913532595308
27 65 0.30928899329465587
27 68 0.1490908461330198
27 79 0.2569557129862874
28 2 0.39586216189094414
28 4 0.3338938703886626
28 19 0.15785890305805847
28 36 0.3306863404632947
28 38 0.36926609194739773
28 40 0.2792441206430557
28 52 0.38866643342946133
28 54 0.24493333946494777
29 3 0.2211398585208154
29 13 0.36206256992549873
29 18 0.24970219572514718
29 30 0.24124958086482495
29 44 0.20896568316737624
29 47 0.21638257450506818
29 69 0.2043093592296897
29 71 0.3641766682662412
29 74 0.12731369431991496
30 12 0.22853497936212372
30 18 0.36277979125718784
30 19 0.1693592790570605
30 30 0.28190460185619226
30 50 0.38042425702099475
30 78 0.3488293216778212
31 32 0.142049252408695
31 36 0.28673464007228394
31 51 0.3675508830587505
31 55 0.28245229504984004
31 60 0.1381452023066173
32 14 0.3406105960121444
32 45 0.13470026603536672
33 0 0.11667281117333819
33 13 0.2901041961902358
33 23 0.2664770447679907
33 50 0.2990985250088496
33 63 0.3235975622997292
34 5 0.14574856403754358
34 12 0.33256659945465916
34 27 0.23831666461394047
34 40 0.38215234764405615
34 59 0.11541919609419572
34 66 0.20019393027576146
34 73 0.23117776634030568
35 9 0.24236018022068764
35 13 0.31992601979560914
35 26 0.17116163266690093
35 28 0.11587469543142856
35 41 0.3461462583987521
35 43 0.36820667368754334
35 45 0.3178915728678774
35 63 0.3379074761204207
36 7 0.2702462125085658
36 16 0.2446657774313239
36 30 0.248747453399076
36 38 0.39917100061042704
36 42 0.33799636335565375
36 43 0.27891643461310867
36 50 0.22989766390347482
36 56 0.35778165875841683
36 68 0.28775052638989645
36 73 0.2596125142876885
37 33 0.38222951207501055
37 68 0.10236387899172468
37 77 0.28317470316423116
38 1 0.11645818420701706
38 36 0.3095604111436734
38 64 0.21300765503574798
38 73 0.29053323729246355
39 6 0.20104920804418008
39 25 0.37688498652167723
39 30 0.24953632148932334
39 35 0.37515987404099016
39 53 0.2834291546145378
39 60 0.15443363636344232
39 61 0.25687460910861853
39 63 0.33701262786442676
39 67 0.3159451184519254
40 6 0.28626292416833277
40 11 0.25920158124465076
40 27 0.20674068165252216
40 54 0.24475855786126818
40 55 0.2339132064801402
40 59 0.13189988670427244
40 70 0.33475915932803224
41 5 0.22407444100115267
41 24 0.159924431299948
41 29 0.2672705132403555
41 39 0.2618866752039761
41 41 0.2832974269177369
41 47 0.33766843555790116
41 68 0.15622510235076537
42 8 0.2374065411399301
42 19 0.26871793198166516
42 26 0.2609238048805054
42 40 0.35684243281093037
42 42 0.3296079661482143
42 45 0.15862119853536014
42 50 0.2561492389855463
43 2 0.12397939112628639
43 11 0.33506937490838673
43 39 0.27153193606582743
43 57 0.35057645819227434
44 5 0.2605083446383992
44 6 0.3098425890740277
44 9 0.15167637560268302
44 14 0.35856490776728556
44 31 0.16588269438854736
44 41 0.25419011097657307
44 54 0.3408823906123443
45 0 0.21725101892070958
45 9 0.3602340366358039
45 13 0.22083159196162908
45 33 0.34561424538400715
45 52 0.21965010324457157
45 70 0.19364653005661753
45 73 0.31482109108639666
46 1 0.2415366350259922
46 20 0.37362539214291324
46 56 0.2948792135289448
46 60 0.27372883403300774
46 64 0.24480215724463017
46 69 0.1123934769596956
47 10 0.15816707586563683
47 26 0.29919271430833594
47 34 0.19016815334762166
47 51 0.26603899202125
47 53 0.20004249317298986
48 4 0.21244841365241887
48 9 0.18733616390563942
48 14 0.3563600850002404
48 38 0.3573889062748129
48 49 0.11203306890334555
48 54 0.24235196987036953
48 68 0.21622300165660813
48 69 0.1304777798928665
49 5 0.2998193493055147
49 10 0.15061808156836085
49 11 0.26079737197848246
49 32 0.15722458659927138
49 49 0.39518013255364526
49 73 0.28423209950493905
49 74 0.13240579620314663
50 8 0.38042988773608344
50 18 0.2556450471529095
50 49 0.18721144722954436
50 76 0.3027093626828284
51 13 0.2567539942921016
51 19 0.37868361745024115
51 20 0.1880150914972558
51 22 0.18862086748354906
51 63 0.3465876324277759
51 65 0.32034077421107393
52 41 0.10144489899200591
52 51 0.17225518457936595
52 67 0.18851046596720306
52 68 0.29829107689378964
52 74 0.2376037246075751
52 75 0.19093351771255868
53 24 0.25381768918359904
53 28 0.19219603113708544
53 31 0.27021232260900385
53 51 0.38233677432385044
54 1 0.10409775859494236
54 8 0.38260989654358324
54 18 0.27618152438835747
54 25 0.2366756976483546
54 26 0.3859674480607911
54 42 0.3939439851448136
54 47 0.14939905125617148
54 60 0.25809974439384487
54 64 0.3647221487234952
54 77 0.14089538310634458
55 7 0.31163859732316956
55 8 0.17603572997411537
55 13 0.37668570103329446
55 14 0.29636087235952513
55 39 0.21742284032406126
55 67 0.35656734600180673
56 2 0.2620367799608493
56 17 0.2446431368840365
56 22 0.24992523368273678
56 25 0.13008870838734177
56 27 0.12050730062791565
56 64 0.32695820516398166
56 69 0.18183000352890982
56 76 0.33507813984883195
57 7 0.21567639035861935
57 40 0.11359474964087163
57 57 0.38279943503223746
58 47 0.2906892428555793
58 58 0.22177872707122148
58 70 0.31275523498585384
58 77 0.12888395055144597
59 13 0.3646732302409457
59 16 0.2664492914422628
59 40 0.2223651210710822
59 73 0.3626744976206308
60 22 0.29289352301294114
60 28 0.3795666944215347
60 49 0.10125475441354455
60 55 0.14393117115327247
60 63 0.21155159855746025
60 74 0.3645197493467156
61 49 0.32576199655089155
61 64 0.14137370973173005
61 72 0.1275576751249169
62 4 0.35010644987334916
62 8 0.3195223189951154
62 60 0.2633031650982753
63 27 0.37424918102705096
63 31 0.24368676213927148
63 55 0.29489899946391823
63 57 0.3571512823257672
64 3 0.24694693844558346
64 14 0.3187620891889468
64 41 0.25430226184028665
64 42 0.393105031129813
64 51 0.1569092780298808
65 5 0.2847717684188581
65 8 0.28997939849882365
65 52 0.18597660010727174
65 59 0.2172750056206184
65 68 0.27818607640201704
66 5 0.28017457255470124
66 10 0.2854899596542098
66 28 0.3598429121696961
66 38 0.35148420749922504
66 52 0.3480289722150869
66 68 0.28224277597284
66 69 0.25630361958349046
67 13 0.255852788397281
67 14 0.15425496369123104
67 20 0.1794074618677115
67 28 0.23958097496191272
67 38 0.1454400900795238
67 46 0.28729868159969846
67 55 0.22449105439780617
67 75 0.3319833421437346
68 28 0.3249008008563967
68 40 0.31866259849187994
68 62 0.3905672651129402
68 68 0.3005842088727113
68 74 0.3173283299736398
68 79 0.11706365094004668
69 16 0.19086144653841003
69 25 0.32369568407597377
69 37 0.25387895684883477
69 73 0.272274636355295
70 7 0.16716272871248178
70 13 0.19433145067562857
70 29 0.2178443871660165
70 34 0.38027970703921016
70 45 0.24454611083397693
70 70 0.35233943985773936
71 23 0.3520573394889579
71 59 0.2602834971641362
71 68 0.11571572430432808
72 0 0.24851160335932188
72 3 0.14279466186850154
72 19 0.2190401481496339
72 52 0.2957081613204496
73 5 0.38529477060608097
73 15 0.23657019920288225
73 34 0.13877235239962368
73 35 0.23850699077120704
73 77 0.31533561300969143
74 12 0.35554733906616276
74 20 0.2407306824592755
74 59 0.25803762327563573
74 62 0.31688627576504336
74 71 0.23919838407131822
74 76 0.3928667127705575
75 11 0.28222418900311536
75 23 0.3719380098160924
75 35 0.2661506679549621
75 36 0.11828714228467258
75 45 0.3042196347133574
76 40 0.3504333067372596
76 62 0.21495201625528412
77 8 0.11728179557114399
77 15 0.39954747892247805
77 24 0.17496902581323515
77 31 0.3727305422635225
77 36 0.1627498006918664
77 65 0.3035874611044945
77 66 0.10035543088295609
77 76 0.1748777631247319
78 14 0.356547798395366
78 50 0.20055461542846093
78 66 0.22669777320399315
78 67 0.12648397635729974
78 72 0.30746183637648955
79 14 0.216382171172145
79 25 0.2103337439783709
79 35 0.387846358761591
79 52 0.2070277143278781
79 53 0.38156801105549576
79 54 0.1621849058661382
79 59 0.3197109196089519
80 10 0.3985348496636851
80 28 0.23029723408701064
80 31 0.1748981346162306
80 55 0.17177055425025683
80 62 0.3501945727798106
80 64 0.37657322714657937
81 17 0.21420990039495966
81 35 0.35748498060806355
81 52 0.2096382963984439
81 56 0.2636749309257761
81 61 0.24754160486276663
82 7 0.15665708213806323
82 24 0.23951263338964818
82 34 0.22104608501127584
82 35 0.2198953597379419
82 44 0.3045896594221495
82 46 0.2640774082834748
82 50 0.3611356345370138
82 52 0.3812917385962493
82 64 0.2234131818305558
83 13 0.3235942327223947
83 23 0.237603326943621
83 44 0.12197294832013042
83 47 0.2406349731511136
83 56 0.2989494238793531
83 61 0.20934675928613675
83 78 0.21704111628694
84 22 0.29904263046646345
84 46 0.2640554132155352
84 49 0.19149564175164316
85 4 0.14917069985327555
85 7 0.2939594505452379
85 15 0.36647278605390976
85 20 0.1336294853178995
85 29 0.21888614710559728
85 30 0.2882344404247838
85 42 0.1396447951802234
85 46 0.2776238165317034
85 48 0.14276473604653017
86 1 0.1717624008174587
86 20 0.36950747299304837
86 30 0.38678274306976523
86 53 0.17123479838477063
86 66 0.24728987573988281
86 73 0.10209908103566351
87 1 0.2483804590308809
87 3 0.3699176312885891
87 9 0.3890687446729878
87 15 0.2737408208548814
87 29 0.3141951586288208
87 44 0.25582709332001297
87 55 0.3239879927564061
88 10 0.24652976394046056
88 12 0.3591343044851135
88 28 0.22186428327048818
88 49 0.24970828212137364
88 62 0.2574980093177566
88 68 0.2689620912169248
89 15 0.2365025685265233
89 16 0.17493702157265245
89 51 0.24748573003447072
89 65 0.36044193759881016
89 67 0.34827896551130677
90 10 0.3852214260973963
90 16 0.21517807160672045
90 25 0.1876049024876731
90 35 0.1255381253619769
90 47 0.10426103630042034
90 70 0.2429228672500911
90 72 0.33370796122458884
91 29 0.2939203748137438
91 33 0.33584861935389343
91 37 0.3091398048906873
91 45 0.22183102401290242
91 53 0.26123542605051914
91 65 0.39763106305144924
91 78 0.1945284306855657
92 18 0.27753665796362964
92 25 0.268681158698197
92 26 0.28892204515416975
92 39 0.13978388927377333
92 40 0.34878305267924414
92 48 0.28940931598200115
92 51 0.27576765740489284
92 52 0.2459573773109529
92 60 0.22147649071196227
93 17 0.3089464159221756
93 19 0.38788913242960243
93 27 0.24944289108325746
93 31 0.3195047730373641
93 45 0.39757601373265467
93 46 0.15377588642284246
94 18 0.27155982072864276
94 24 0.2746075764906163
94 39 0.10863891506133186
94 45 0.2921174289677359
94 50 0.213801037788748
94 64 0.28215671813087695
94 66 0.2394327624432565
94 68 0.35610571895171883
95 35 0.364546571458222
95 45 0.2647266665656662
95 60 0.1614113969038625
95 67 0.38577497727749055
95 70 0.14857107232195074
95 78 0.2814860522322671
96 5 0.25072315162567227
96 10 0.33512535291889345
96 11 0.1212882743974733
96 20 0.2601263405162205
96 30 0.2914285262374453
96 33 0.21910483377989431
96 51 0.14743682909770744
96 60 0.24480174924028064
96 68 0.3885688745196495
96 69 0.12933163125048908
96 74 0.3176928945851456
97 6 0.14334902816202005
97 31 0.2829701287219941
97 38 0.2751680346715446
97 65 0.21502295098406304
98 27 0.1863927923293478
98 42 0.3499175044346256
98 47 0.2146110340593223
99 15 0.32628341796068194
99 22 0.2596510551291933
99 26 0.20637217183740944
99 33 0.24268547634904564
99 37 0.309480244229955
99 40 0.130261533509485
99 46 0.1877551446914648
99 55 0.2972416771336806
99 57 0.22609256450875712
99 60 0.27351882986360454
99 62 0.15557529978774987
99 77 0.39013878645570377
100 8 0.2711042079545721
100 14 0.30190601452772947
100 17 0.10501766020323305
100 19 0.21451279347535246
100 62 0.31923455266125256
100 72 0.250281975793449
100 78 0.34117422732584857
101 30 0.11574517059390096
101 56 0.2657834538054181
101 75 0.20567401469184265
102 8 0.2621276100918187
102 11 0.28912925372773457
102 20 0.22947815060825158
102 24 0.3290678588326405
102 32 0.38116819047759043
102 51 0.10453408770413614
102 62 0.22564933376058902
102 67 0.13671899660118847
102 74 0.29230783617181744
103 7 0.32199720747244265
103 17 0.3134767569234882
103 29 0.3582843212663844
103 32 0.10883491736895035
103 43 0.36880202160681286
103 54 0.13302112328023982
103 67 0.24584913461550367
103 70 0.1630034049793973
103 75 0.36371369261734743
104 8 0.36311585784120315
104 12 0.3100907189548534
104 16 0.2755037037707262
104 24 0.3016620313525298
104 29 0.27458150839807893
104 58 0.39789905669038084
104 62 0.32894289954755607
105 3 0.24655850763758816
105 9 0.21008270286296687
105 21 0.2573563497551031
105 35 0.29415379690363713
105 57 0.2625844476877349
105 63 0.34414024620579375
105 67 0.3125726005168111
106 2 0.20576799016935524
106 11 0.2013399191042769
106 14 0.31735955574846775
106 22 0.3338203486205009
106 28 0.3557969045362082
106 29 0.2499897585473074
106 31 0.16222535338669797
106 53 0.2311029219738052
106 70 0.20812581453642087
106 72 0.20313833396460998
107 11 0.24568592215141594
107 26 0.2769970288716298
107 44 0.27007251126486664
107 54 0.14652285877959037
107 58 0.17386017491207978
107 62 0.22171019004964312
107 74 0.2923017311502782
107 79 0.20274084809157017
108 11 0.11475167391960904
108 18 0.3163991112623241
108 20 0.3184546602102344
108 21 0.15056780120531615
108 41 0.2096025876386569
109 0 0.1969304854329409
109 22 0.12006603076135304
109 23 0.36933291253348166
109 35 0.29455312538613504
109 63 0.20892264347211936
109 65 0.2260943183619112
109 69 0.39825655097320223
109 79 0.3045844606818341
110 9 0.24926753720534656
110 17 0.2166828789580885
110 26 0.3410001936270496
110 27 0.29235236777181994
110 29 0.11964901433001505
110 31 0.22501676501474632
110 44 0.388202913793976
110 63 0.23395436164348515
110 77 0.17726742205412682
111 7 0.2944948840646956
111 16 0.21627107446532362
111 27 0.36516225188786655
111 28 0.15089165312836433
111 50 0.21471399240667144
111 77 0.3553150609725194
112 29 0.10433708719515722
112 34 0.3988124763394162
113 11 0.2940180797618092
113 22 0.24564602146605483
113 34 0.172178319671958
113 40 0.26160311808720166
113 49 0.22531328946587764
113 57 0.2969428856070191
113 61 0.34317489042449034
113 63 0.36862905538950863
113 68 0.20558473542744482
113 77 0.27286761834397943
114 6 0.24715860139458723
114 16 0.2756677198372195
114 32 0.24988178154483778
114 37 0.19461049298544159
114 42 0.3260687607366448
114 50 0.20366162840236068
114 61 0.2631422801345783
114 70 0.26863096312072426
115 26 0.1724190986499129
115 47 0.2852223650253852
115 54 0.2668612685801278
115 55 0.32332950997885657
116 6 0.2630218258618743
116 21 0.23324333932379085
116 24 0.32265185992729495
116 42 0.20980316808213828
116 67 0.17913202076602977
116 76 0.20988575824617592
117 7 0.23901364252164958
117 9 0.3111579137547298
117 16 0.18145223649056377
117 29 0.357890340215406
117 39 0.3127990845517413
117 44 0.2993066771092242
117 46 0.20432906563854453
117 58 0.21044745073918147
117 64 0.19021413148189042
118 12 0.32438117960749335
118 31 0.2491759946687122
118 53 0.12925923905509407
118 65 0.20806781133326105
119 11 0.3332790916544629
120 9 0.22905960878093937
120 18 0.2447543841410598
120 27 0.2819421746624352
120 38 0.3573806154648132
120 44 0.2311078927272429
120 62 0.28312175226926717
121 10 0.10428762045813454
121 15 0.2783591181892793
121 20 0.17150703794098565
121 37 0.27180495176514197
121 40 0.11247968504774726
121 47 0.2346841234777831
121 67 0.2653117536121764
121 71 0.27314027016735576
121 79 0.29393062817636645
122 16 0.38410384901739264
122 18 0.2467937438347519
122 63 0.1934941983679052
123 31 0.36040371907062674
123 64 0.11840499566686034
123 77 0.23039169738668788
124 9 0.2528618116552628
124 16 0.2571192200624578
124 18 0.2847563733575512
124 40 0.39452358044442026
124 51 0.21688841078876725
124 77 0.13572747786095776
124 78 0.37593025987925566
125 9 0.27769146439976267
125 23 0.3709238893722945
125 27 0.3088270984910223
125 40 0.1446748253464234
125 41 0.30871742818778675
125 49 0.2553294778511251
125 64 0.1416753812206272
126 4 0.22872539000150074
126 14 0.29916931431330696
126 27 0.21920886661970146
126 38 0.21818453006847485
126 76 0.3513509784737307
127 13 0.3935861730906822
127 31 0.2658274660852266
127 32 0.16961592021529054
127 35 0.25965188777698534
127 37 0.353228742069367
127 61 0.3422141854487052
127 64 0.22754414049924993
127 65 0.3439154325697122
127 77 0.2510530844366635
128 11 0.2105641993529455
128 14 0.35318793266751536
128 16 0.30615301731375344
128 44 0.2841756057938926
128 54 0.2337956295271899
128 75 0.10678882663497763
129 1 0.2680763510912417
129 6 0.18512999084409426
129 24 0.15675194478112486
129 25 0.29014813803816153
129 28 0.2814027150562133
129 73 0.22271619675785403
130 2 0.2503649513463477
130 11 0.2509260983156857
130 16 0.24768733096383935
130 28 0.375623482647903
130 38 0.2515724148215799
130 50 0.3748878897893009
130 76 0.25361140391004766
131 9 0.25687808091289144
131 19 0.2886022621534988
131 33 0.34160499123733634
131 40 0.19046513562303138
131 46 0.2078633871422059
131 47 0.21700298913836094
131 52 0.23264808957330915
131 57 0.3679351190585786
131 75 0.3681743456458625
132 11 0.1218712646830567
132 40 0.3096890777471539
132 46 0.2779723370568695
132 53 0.14312869278645302
132 69 0.1944594607270161
133 8 0.16318620816232543
133 14 0.2962291874447433
133 24 0.16975227514922292
133 59 0.3552254493916489
134 9 0.12025675521824265
134 13 0.28308123015043263
134 14 0.28627169640746414
134 46 0.22195771851786536
134 63 0.2792316160009326
134 75 0.26184814898985354
135 9 0.3581983917353643
135 20 0.23412267409741427
135 50 0.11164392939831683
135 64 0.24275296556985057
135 66 0.18502679348471254
136 5 0.2003929633668713
136 22 0.36164375925773384
136 24 0.3359276417361644
136 33 0.22149228222939232
136 63 0.20899731104145558
136 73 0.1678001676927003
137 3 0.36730830385675534
137 7 0.3561250441337415
137 18 0.20770451372842627
137 25 0.3994503013387106
137 29 0.26209542436975397
137 45 0.2642577171263517
137 58 0.1747811468795762
137 65 0.2795110167114503
137 68 0.21358666006811317
137 75 0.37713812417993675
138 1 0.2563685010761272
138 8 0.2512817692292033
138 25 0.22768650647977245
138 39 0.11106905479473494
138 40 0.30950479752022997
138 52 0.2657418712144276
138 73 0.1739924547725021
139 3 0.3915547362175164
139 13 0.3674522236611476
139 14 0.22333960163512345
139 23 0.23027175910743813
139 40 0.19272214925254105
139 45 0.25800299084475875
139 57 0.23481660328308154
140 11 0.25505795115499275
140 18 0.2928709689199839
140 29 0.21992045276297972
140 38 0.344292000582968
140 42 0.38638441449897726
140 43 0.10583848688583182
140 47 0.24165994999499132
140 59 0.18466432127183938
140 60 0.20566938939275253
140 66 0.3483452565687325
140 76 0.3946460150809969
141 10 0.2384558583689041
141 20 0.21465009866923712
141 27 0.3893735207352645
141 35 0.2201207983446345
141 49 0.2536838043723205
141 64 0.22401283445055659
142 0 0.31218752889932117
142 8 0.39460312724779045
142 9 0.11576852047805844
142 15 0.18098443603010878
142 34 0.2799723703575252
142 35 0.21863097026629702
142 51 0.16875663461113488
142 73 0.2977522654985802
143 4 0.27547356066635376
143 20 0.22316660503418606
143 59 0.3593616876456028
143 69 0.3580437954838823
144 11 0.10753791556188486
144 46 0.30720240586365166
144 54 0.263663112338241
144 63 0.2980676262197585
145 0 0.15226600996592937
145 7 0.3903952214619951
145 20 0.2704758394988154
145 31 0.2955539401851719
145 36 0.1605979656917706
145 40 0.1274648872217154
145 52 0.10351584308454372
146 1 0.27253958839160575
146 9 0.2851036357032456
146 13 0.2827794514795817
146 31 0.13596038207807973
146 62 0.3464709390780635
146 64 0.2611244355096864
146 74 0.2838005059368911
147 45 0.38629476786095057
147 51 0.38287476041549806
147 75 0.2052199047017905
148 2 0.25605383843136525
148 9 0.1402999591730223
148 10 0.34331482900926624
148 44 0.20554339195135793
148 52 0.24572445944017818
148 58 0.3295491467389283
148 64 0.22959816491703264
149 17 0.3616156578125098
149 26 0.13639242511815197
149 29 0.31522801938030953
149 31 0.3226172854808158
149 60 0.13976393391924077
149 74 0.24666506047660797
150 12 0.3367639098522378
150 14 0.2867773215100037
150 21 0.2294425341326438
150 22 0.23045483068577843
150 26 0.39306688362612024
150 32 0.27637577739479835
150 42 0.30459620016141165
150 45 0.19575615990758616
150 48 0.25735949602906977
151 10 0.11446114652013196
151 34 0.1970158656161098
151 39 0.2418461077800106
151 55 0.39842125771839515
151 65 0.28684938697996376
152 5 0.23450874524015675
152 16 0.38728717717407257
152 26 0.34325062242373905
152 42 0.3939541260120544
152 44 0.24407143629563588
152 50 0.29147032334544337
152 56 0.21932863135425362
152 63 0.24629517482120566
153 2 0.10972860839516928
153 11 0.24660239038677367
153 28 0.12453874138950163
153 76 0.2937225080206004
153 77 0.21571178291521897
154 19 0.22136540201805582
154 30 0.23532614194658275
154 34 0.318712129333429
154 42 0.21395918773329972
154 46 0.2416218514418543
154 56 0.332434364477898
154 58 0.21408582612076923
154 70 0.34983359944794684
155 3 0.23882472655124354
155 4 0.18272133630914944
155 13 0.2541548671177872
155 19 0.3795052033910523
155 23 0.27627192587794236
155 31 0.2740162168445593
155 38 0.11691276808653214
155 41 0.29875191040036025
155 69 0.314952253277438
155 76 0.11484547214392112
155 78 0.2701885712009504
156 32 0.30430407125768755
156 50 0.2243141597261038
156 58 0.3749377325253266
156 75 0.1469446705081237
157 17 0.25101583511934755
157 22 0.1886173318523398
157 23 0.30861532148544624
157 33 0.36240090162241306
157 43 0.25146492802034165
157 52 0.2943296219406246
157 55 0.23500766007516688
157 57 0.31513409769320744
157 59 0.3961053714797669
158 5 0.11531953675822028
158 7 0.17018424146644023
158 26 0.35192756575059947
158 40 0.21008385154710013
158 43 0.23340482661660117
158 44 0.36317052077412565
158 52 0.22300805516286684
158 55 0.29702832015695996
158 75 0.17811849648485079
159 3 0.2433130078125788
159 5 0.3209263343022152
159 45 0.2186177951445044
159 47 0.38351246554150414
159 48 0.27078548537356995
159 49 0.34659422494441616
159 57 0.3312444434269659
159 69 0.34465545620046345
159 75 0.334746714289884
160 8 0.35925176509021406
160 14 0.2925931998834561
160 34 0.2531667329882129
160 66 0.38231460443964005
161 1 0.3461077027032698
161 4 0.24861299319957497
161 5 0.2711004688578845
161 10 0.12300803362667544
161 18 0.18129127229005432
161 25 0.37512307510362275
161 42 0.2569350188994094
161 43 0.39905350539505247
161 44 0.12866440858551928
161 47 0.34810970377411415
161 51 0.24193752460942655
161 52 0.26604689869027326
161 55 0.38237062729155935
161 63 0.24224784861524537
161 77 0.3910354913999802
162 5 0.14879895357548936
162 16 0.3519415327315
162 23 0.15431392571382282
162 25 0.26467153437251867
162 40 0.26756557232927536
162 57 0.11454212030914492
162 64 0.30261894611872947
162 67 0.2198499169404981
162 68 0.22139490703468315
163 11 0.39124199758448186
163 22 0.1274709939952407
163 26 0.2362101463991499
163 44 0.26622610210086084
163 63 0.21069672033722261
163 72 0.13508918050823185
164 0 0.35902757358191695
164 32 0.3284165433458319
164 45 0.2134751419410798
164 66 0.3469873573644183
164 72 0.29489282894234575
164 73 0.20435278117874195
165 1 0.31993196068860247
165 17 0.25247152632646536
165 27 0.2898303556617758
165 42 0.15293088847345607
166 3 0.19258444531739502
166 20 0.2497488356399132
166 22 0.3975147159971828
166 23 0.28813076246752
166 24 0.2186588388256814
166 38 0.3194309007322494
166 46 0.2859152898532954
166 52 0.21525756101246113
166 64 0.3212809538764285
166 69 0.22257037731514723
166 73 0.215589685478933
167 21 0.3854729765207455
167 25 0.39666147810631286
167 31 0.24027717686666092
167 35 0.3038630321955636
167 51 0.33296166520671777
167 57 0.25548509310965506
167 74 0.2722885752350067
168 2 0.3669368830818314
168 3 0.14136718436450524
168 8 0.2546705896996425
168 14 0.32750642550826226
168 17 0.2737069499257506
168 30 0.28400665740153636
168 33 0.1110107332554202
168 44 0.39848762437112417
168 62 0.3667401486271854
168 68 0.36137495666349
169 15 0.2917861847217736
169 17 0.3043027771264293
169 33 0.20368929079460313
169 55 0.30397077334064004
169 66 0.12062634271496096
170 1 0.21395632763928996
170 2 0.28753137895390835
170 6 0.2930338364928786
170 12 0.25302449602515137
170 20 0.22262698114384935
170 46 0.24786911028998446
170 61 0.14576666054611287
170 70 0.25943230661147015
171 13 0.2990282162258192
171 27 0.3108561022327382
171 38 0.17632373035247328
171 57 0.33242937427016006
171 67 0.2786787110405512
172 13 0.12853817603031778
172 26 0.2457883627569879
172 41 0.24093561658873874
172 47 0.23059044350939556
172 59 0.24325093770194817
172 62 0.2843038829244265
172 64 0.3257135428031428
172 71 0.1083383666141621
172 77 0.26323657599828965
173 9 0.3020765038796097
173 17 0.3659666738560091
173 25 0.379883905847048
173 26 0.2455316855143129
173 35 0.20482405183970998
173 43 0.36262841237170873
173 53 0.2593594463943018
173 61 0.39598450185939316
174 9 0.2684510497165569
174 28 0.21357997077894833
174 35 0.12232786322732013
175 5 0.36571753811185514
175 12 0.24465363940682328
175 31 0.32631991881245015
175 53 0.281225255434131
176 0 0.3476923552142337
176 6 0.2798457621134323
176 7 0.2711677328488741
176 14 0.35213501565506744
176 24 0.2904100075263571
176 37 0.21222383903855704
176 48 0.2574508128746062
177 13 0.22752231895649544
177 37 0.21738996499302116
177 38 0.25118815178170706
177 39 0.3398962488416032
177 60 0.1858256106554354
177 65 0.30455997177556154
177 73 0.2754467925469463
177 77 0.2441762559199024
178 24 0.22898491698437518
178 27 0.1141376130430757
178 47 0.26116972363433577
178 70 0.24221192269254208
178 77 0.15180074959974843
179 18 0.2941822697417564
179 23 0.36286356832705846
179 27 0.23760397043987105
179 63 0.2709221753650303
180 0 0.3761671783542503
180 10 0.2059395559447521
180 45 0.1997466346362164
180 52 0.3918109839301197
180 73 0.289246288421406
180 76 0.3151237221965001
181 2 0.11719403498223274
181 5 0.21535627482572423
181 9 0.39993660909409945
181 19 0.2972978764360393
181 23 0.3330940835504982
181 31 0.32783942137415045
181 33 0.37102189316800605
181 39 0.22581640430289673
181 40 0.26299889679785404
181 50 0.1291980318313991
181 64 0.11390300762355923
182 16 0.2304307057428316
182 48 0.2643640368557797
182 70 0.3279688801810062
183 11 0.2771805037083873
183 65 0.27645830790548254
183 74 0.25987497471057974
184 24 0.2436115495120781
184 32 0.2794272057977622
184 37 0.2428763141071993
184 49 0.18496174877159172
184 58 0.27263176107380926
184 64 0.35407394832857386
185 4 0.1054849831102904
185 18 0.18130173376550124
185 41 0.32377523966179295
185 46 0.2982379164422892
185 50 0.10501760097762483
185 54 0.29828301532764323
185 56 0.22082201246863625
185 57 0.22002494604077294
185 63 0.2592230445051202
186 25 0.24399989802559263
186 50 0.22474075994771592
186 59 0.11778709137416496
186 72 0.28964145695789845
187 2 0.11388158362105859
187 11 0.21623156440588628
187 19 0.3913369550976021
187 37 0.39575568873907974
187 63 0.26324556886420425
187 69 0.34763218728936096
188 1 0.1964859019552391
188 8 0.24658020124600669
188 24 0.2910197945398343
188 36 0.39801555450419945
188 46 0.2684908870971955
188 48 0.34957928792145765
188 70 0.39051979633067924
189 21 0.39146135111862257
189 26 0.27260435778056835
189 35 0.2190282270655711
189 37 0.3356616879961426
189 43 0.3835673051657761
189 76 0.22666371532317106
190 0 0.35000463915394225
190 3 0.1947651373774144
190 24 0.27891411639122904
190 32 0.2492919451857677
190 53 0.19941114598877901
190 62 0.2599553740051418
190 72 0.3429799925539796
191 1 0.35807509682378313
191 29 0.22532633234915378
191 32 0.2976740850522869
191 42 0.15244704198418502
191 51 0.22372025790598402
191 54 0.1838047276353103
191 59 0.2798459342965403
191 63 0.24302915711154238
191 73 0.3494419701209994
192 0 0.39418342626180214
192 23 0.12958368225144956
192 24 0.31558939361456223
192 35 0.22917037880941454
192 44 0.2044573698223952
192 55 0.2947618340740739
192 61 0.2547471842229192
192 74 0.20880062943381378
193 7 0.3963098478811648
193 8 0.2752685959071609
193 15 0.3320194387433901
193 17 0.3082252882963112
193 67 0.20682994243902175
194 3 0.295272552547158
194 11 0.22868730860635839
194 13 0.13079169444217237
194 52 0.30080348337942825
194 63 0.28961338085269644
194 69 0.1804759686337652
194 72 0.23201009609069506
195 14 0.20215258353243565
195 29 0.2768156737341357
195 41 0.2746559031543718
195 51 0.25503156727877946
196 4 0.3995722920124258
196 26 0.23602404015083775
196 36 0.3226264106642443
196 46 0.3915865905777626
196 48 0.3304788963955254
196 49 0.28898586095527096
196 53 0.24115672827807952
197 7 0.2680516792859785
197 18 0.12887316372847496
197 33 0.39467394959696844
197 45 0.3161316158994796
197 51 0.3480500915403917
197 69 0.22736076995460425
197 73 0.2858132238613281
198 9 0.21163897741985638
198 10 0.2743365288308296
198 12 0.36159604644185045
198 30 0.27417731916510096
198 34 0.2322806934924387
198 40 0.23800593024939126
198 44 0.2563981788755839
198 50 0.25194542064827874
198 56 0.28662933431282284
198 60 0.28065701931960685
198 62 0.2662988153973769
198 78 0.3844248575063516
199 4 0.15053569218594814
199 15 0.2341508189887588
199 33 0.2970656219895681
199 41 0.26265655578476815
199 58 0.1260468125873199
199 64 0.18241752217681043
199 66 0.2859691326060465
40 0 653
80 1
81 1
82 1
83 1
84 1
85 1
86 1
87 1
88 1
89 1
90 1
91 1
92 1
93 1
94 1
95 1
96 1
97 1
98 1
99 1
100 1
101 1
102 1
103 1
104 1
105 1
106 1
107 1
108 1
109 1
110 1
111 1
112 1
113 1
114 1
115 1
116 1
117 1
118 1
119 1
0 90 0.2842606727045756
0 94 0.3444616143738417
0 102 0.332704557155164
0 116 0.35897317857960687
1 92 0.1924763193703353
1 101 0.37369548370170086
1 105 0.3979928135386246
1 109 0.2647353176199043
2 82 0.3562052523341701
2 94 0.26103841306141273
2 95 0.21515837371058003
2 97 0.10525534669212094
2 110 0.2640220905891337
3 81 0.29192053143751706
3 101 0.22983427246979393
3 103 0.3674769744298154
3 110 0.2731928230192024
3 117 0.3841589899146679
4 82 0.35286478299269486
4 83 0.12308039689540297
4 84 0.2977405868528852
4 86 0.33845678073373014
4 96 0.3072892582716326
4 97 0.13188176013316263
4 99 0.2083926163643657
5 81 0.3659687016814837
5 85 0.27020472817621777
5 106 0.12429161251590813
6 94 0.3929920668554564
7 84 0.2969543602361137
7 102 0.15646944097391732
7 105 0.310323275611518
8 99 0.2732560725296782
8 109 0.19271825998060602
8 114 0.25688843253058946
9 80 0.12597188049136077
9 109 0.39922180590392753
9 111 0.23715199947207644
9 117 0.23720493585015345
10 89 0.1826475267076769
11 80 0.22190615057236907
11 81 0.35782788869545157
11 93 0.2431419528120018
11 104 0.16770105490612647
12 84 0.3069407619522839
12 87 0.10670268867197946
12 90 0.33653942231830536
12 113 0.12867263128836243
12 117 0.2610531343055987
14 86 0.3033587048106717
14 119 0.19512935493432904
15 87 0.29304415125835875
15 91 0.3393824133181418
15 111 0.29261996542833163
16 116 0.3290955704079378
17 81 0.20561097806108805
17 85 0.3026436807129304
17 87 0.3628026662311541
17 90 0.14990179647494636
17 94 0.19390257656726095
17 114 0.20398093701228098
17 117 0.2890750022411702
18 85 0.18498020132973428
18 86 0.38100460802750846
19 98 0.200132530728166
19 111 0.35798013981860033
19 113 0.26917463985813234
20 81 0.12761437516132584
20 82 0.20671906959252792
20 86 0.39586559485318495
20 93 0.16812670952599604
21 90 0.23497384029779203
21 98 0.10737778621699377
21 106 0.2221484065753161
22 103 0.24297706349729198
22 114 0.20512895658994734
23 92 0.2296207596521713
23 99 0.24026751288493542
23 108 0.22398829101953288
23 117 0.34846419264721884
24 107 0.2078788695591806
24 113 0.15094165095275244
24 114 0.396289157339431
25 80 0.21878834656772106
25 83 0.28623926775682174
25 84 0.15326148944570345
25 97 0.31254097924144064
26 105 0.15136501282316098
27 80 0.2704937209185031
27 95 0.2888798813366231
27 98 0.23297986853897681
27 99 0.39483710815934536
27 101 0.3406182528291992
27 108 0.12858222149059512
27 109 0.27002108615431625
27 111 0.25750406096111045
28 94 0.34494965409690015
28 102 0.20326414557979097
28 110 0.29018530475096266
28 119 0.25106239593902935
29 88 0.16003217459723124
29 100 0.27592524414595326
29 105 0.3636533075147492
30 85 0.12050858410126432
30 113 0.1482261150755742
31 82 0.28947820689411685
31 119 0.20469679676979555
32 80 0.3424613336554397
32 90 0.3689512674628004
34 80 0.21374310934254112
35 80 0.2536713208809228
35 81 0.28968149808299215
35 92 0.23964354569083077
35 99 0.39403454526747705
35 109 0.2834177870871468
36 88 0.3963481166009445
36 92 0.32416368466519113
36 96 0.20479066645055397
36 97 0.2666661611129565
36 108 0.2387452053616607
36 113 0.19062322831655848
37 91 0.3190408947797988
37 92 0.19042344778868375
37 103 0.24366723683708796
37 115 0.2670332470063189
37 117 0.24531254342776157
38 92 0.31577184534760006
38 96 0.2189769163580814
38 100 0.3824371773761048
38 102 0.22937459256924064
39 94 0.22867756398571515
40 82 0.33163411179627744
40 88 0.23180226986025843
40 91 0.19062711507506683
40 97 0.11901739602992872
41 102 0.1398361336002351
41 109 0.23866423011936333
42 98 0.3162299682449944
42 101 0.2878130983728766
42 103 0.20043641876388302
42 108 0.2714839170836903
42 116 0.3289963713442884
43 85 0.21451985308689547
43 105 0.31386614455847306
44 81 0.11429965275529833
44 117 0.23050064514035484
45 88 0.1359387413165205
45 93 0.24261794407277054
45 101 0.3399341404715228
45 117 0.33487380361556485
46 82 0.32103501863567374
46 113 0.18726794531388002
47 81 0.3225643789570742
47 89 0.20467244990190606
47 111 0.24252679388976928
48 98 0.27411191154284315
49 83 0.35630842153808295
49 103 0.35028082543335304
49 108 0.16240645590670238
49 116 0.11726737219577713
50 91 0.20249606753252913
50 108 0.2169634063875104
51 116 0.24065337504350687
52 87 0.24027294154223444
52 110 0.26019686533625913
52 114 0.3233390100065007
53 97 0.20733624403346748
53 104 0.11007158922289631
54 106 0.32489642237507305
54 108 0.31596118013904
54 115 0.29350799545063866
54 118 0.2882706843667261
56 81 0.1127310505516811
56 119 0.15185167606915018
57 86 0.2836481769818765
57 100 0.29526734661314025
57 110 0.24207839340852008
57 111 0.25270731962262927
58 88 0.23291608722910026
58 110 0.30480945110714486
58 111 0.23740134677106783
58 115 0.19317792832305047
59 95 0.31815618191550354
59 104 0.1305514110881083
60 100 0.26089181119439897
60 101 0.255343506549931
60 102 0.2624050963083003
60 105 0.29358343228580636
60 109 0.12865673878091416
61 101 0.3053754862192528
61 102 0.26037266018021943
61 103 0.3664819326198342
61 119 0.2494130690441633
62 108 0.29679351139558346
62 118 0.33991794713456075
63 84 0.24725359365236144
63 92 0.11964776166974692
63 101 0.2582743392961815
63 112 0.21075624765752535
63 114 0.18485924915845103
63 118 0.27288817345895605
64 80 0.3455107754708743
64 84 0.31660115172445596
64 115 0.14072828889690564
65 91 0.3426209195489417
65 92 0.13356618482012728
65 96 0.15923231413414626
65 101 0.38501926804330644
65 106 0.2379769846753076
66 81 0.10530866772884778
66 82 0.2743605547732254
67 83 0.2819018096579507
67 91 0.2599157676921798
67 95 0.3046112875028269
67 101 0.2719739767675845
68 80 0.36270379045261136
68 86 0.2672526769301892
68 90 0.30189050376639165
68 91 0.144618493756106
68 92 0.3049827802826319
68 93 0.2995753948812107
68 97 0.11180239461064802
69 83 0.33137569075204965
69 89 0.3704457451730563
69 90 0.13017102898030958
69 101 0.2826602716469896
69 111 0.22500485829766317
69 114 0.1897144317408686
70 103 0.20196177841937413
70 114 0.21058062706890876
70 115 0.2789040256983701
71 83 0.27616248117990266
71 84 0.22551719895767705
71 99 0.3889855967493418
71 109 0.26736734023667713
72 98 0.345470480429367
72 106 0.26696937542465726
73 115 0.2542850746728622
74 108 0.22279343035542876
74 110 0.24552702486779152
75 101 0.20592989252656643
75 114 0.13826321196540037
75 117 0.3047727748142789
77 83 0.3451303281014567
77 107 0.3607619627409575
77 119 0.3716616277996023
78 81 0.2424755547393252
78 84 0.23748360812792066
78 110 0.2847164066346089
78 118 0.3417514281169661
79 99 0.2920993610493283
79 100 0.2914062319496759
79 112 0.18615626347739098
80 104 0.3303586259502627
80 106 0.3734158498072192
80 110 0.28357455030507633
80 116 0.2666464042472819
81 89 0.3118727307213194
81 102 0.14194488755805082
81 115 0.26499925919343276
81 116 0.20881788055701583
82 88 0.27959008421799636
82 90 0.33550655574559873
82 111 0.18524106664218037
82 114 0.3979769869672403
83 81 0.30534002781934977
83 105 0.2589410024100276
83 109 0.3694302387449089
83 112 0.29987740721156947
84 82 0.35964515332257513
84 86 0.2102993456690998
84 90 0.2869312014807677
84 103 0.23123519588852198
84 116 0.3662289549795793
85 86 0.29124478012109084
85 88 0.14031218135503462
85 91 0.3715922636055214
85 100 0.25079882806739606
85 107 0.35721834651642137
85 115 0.2495302549198807
86 84 0.36140278936523185
86 96 0.3302597504821909
86 100 0.27031425928619507
86 112 0.294842273651573
86 114 0.2366623739799551
87 112 0.1205775892018586
87 116 0.13210296409735256
88 91 0.1513742768583507
88 99 0.2138985182236222
89 85 0.3558656208697512
89 90 0.14615118767943822
90 81 0.1157542440453877
90 86 0.2886847102706847
90 88 0.33125531550580134
90 90 0.37799152855688123
90 98 0.3447189325307286
91 90 0.20999684589760725
91 95 0.3384365164271028
91 102 0.2600102229623632
91 109 0.3536109763803844
92 93 0.24424228040455612
92 100 0.24179632714107036
92 103 0.20403591441574326
92 112 0.3706546377768952
93 85 0.3809853104547072
93 87 0.37460692893202996
93 89 0.32478232958659586
93 103 0.2404638904103269
93 109 0.36589171662047104
93 110 0.18595926800822696
94 92 0.22286150191818427
94 103 0.11583335207223153
95 82 0.13838712210451076
95 101 0.2613147326781865
95 112 0.27678856984352385
95 119 0.27821118737367134
96 97 0.11945212437392369
96 100 0.30692738708972267
97 80 0.2624066618431271
97 83 0.3440508274794676
97 95 0.39048672442736165
97 109 0.26394787791486574
98 82 0.38988090418935306
98 96 0.3563842188640767
98 108 0.31017463755243463
98 114 0.23569109707183844
98 118 0.3082725543796552
99 83 0.3086128023191948
99 118 0.1336407955186865
100 84 0.20924841359511756
100 102 0.20162796555317913
100 106 0.2768457044370707
101 91 0.3582894725025664
101 93 0.3825182937967604
101 97 0.2319937277563369
101 117 0.3779507841404978
102 80 0.256940753887708
102 86 0.22213551614881677
102 90 0.3463592575652001
102 104 0.3376422527606243
102 112 0.38631684715198533
103 95 0.3246718849128669
103 116 0.2449849117880422
104 82 0.2067003998911953
104 85 0.21483935305396687
104 100 0.258711615704085
104 110 0.34300133946046685
104 114 0.39713975891102893
105 89 0.23734988363693518
105 93 0.2497021114860153
105 99 0.2501748289452746
105 103 0.3019645896022719
105 109 0.2348480839802539
105 115 0.2892518292141794
106 87 0.17952517387257577
106 89 0.24493046185328798
106 97 0.21519022143604974
106 98 0.27322467361668784
106 100 0.33616440258218105
107 109 0.24174021745748897
107 119 0.37054013174045386
108 92 0.24453876862030297
108 98 0.2793036395935362
108 100 0.35553981702291504
108 116 0.3408735520263805
109 98 0.25414537471174903
109 103 0.2971200613782372
109 104 0.1933692502572484
109 106 0.1712750966093966
110 86 0.23207530399668205
110 96 0.2355872205370213
110 103 0.16541372369063054
110 104 0.2057983730892392
110 105 0.16035216402387906
110 110 0.3049911498733253
111 94 0.2439991292107904
112 94 0.2780105898865932
112 115 0.1735215875274508
113 82 0.29932155147236683
114 88 0.3471689002367021
114 113 0.27537461942684816
115 93 0.24252102569612127
115 99 0.2902842667107741
116 85 0.22645532036753566
116 89 0.284206423999115
116 92 0.2908416498459348
116 102 0.3280189119491826
116 117 0.2176000582106189
117 85 0.340932442371354
117 94 0.23121294802843842
117 113 0.364075365754882
117 118 0.16380675814331325
118 85 0.28595752011568754
118 103 0.11230914167111118
118 116 0.36666420242592457
118 118 0.3183008080574182
119 91 0.2413536122086134
119 114 0.2843129147678203
119 117 0.2071947716819812
120 94 0.2906794771396666
120 111 0.12652899157001601
121 87 0.24766380031735907
121 109 0.2750300661608462
121 111 0.36597897078666936
121 119 0.25229619634554146
122 94 0.31721984034291023
123 117 0.3986012097322753
123 118 0.28584384266452767
124 82 0.2556846396881739
124 92 0.3804726437940227
124 93 0.2748178202977407
125 88 0.18566516049771814
125 102 0.15271060947230752
125 103 0.27362426812536983
125 110 0.22353233845336085
125 111 0.22837660588082398
126 87 0.20733822402317292
126 93 0.16957515762927333
126 111 0.1300125362281762
127 87 0.39933697689870223
127 109 0.36761506739977284
127 114 0.26788806877284665
128 89 0.19436643365392514
128 110 0.37027614082520577
128 112 0.22498672834812317
129 81 0.20712263963004907
129 99 0.3890547593835954
129 101 0.20004234104954557
129 119 0.3241928514175255
130 80 0.35603895631219595
130 102 0.3559341311895887
130 105 0.23655244146848528
130 106 0.26747137888383576
131 83 0.3345824344378364
131 95 0.3847601522839168
131 96 0.26676381131050114
131 111 0.2904776881619873
132 80 0.36279433212186896
132 95 0.16220594413216488
132 110 0.3254921617147011
132 114 0.31718969835699373
132 118 0.24326121250818722
133 104 0.2940569912814407
133 113 0.3297006387800414
134 82 0.2162416986586434
134 86 0.3298778683658037
134 87 0.26504677632962204
134 99 0.287314543672889
134 104 0.3837341452482872
135 93 0.34809407292607975
135 97 0.3312529913165734
136 97 0.1299089069652046
136 114 0.36477222642878604
137 96 0.13253763858076686
137 102 0.2729587126550032
137 104 0.21488617521242429
137 119 0.320017666146877
138 100 0.38841558137908494
139 83 0.3175078393068971
139 87 0.2349368094409662
139 101 0.3109964562377111
139 115 0.21487210029236323
140 90 0.2805092775757713
140 98 0.2579500036384208
140 110 0.26776749171622205
140 114 0.3028596315592501
141 89 0.36308286865306305
141 91 0.22961125652034098
141 95 0.34954550428958575
141 101 0.34359391513912485
141 103 0.26166232098400144
141 113 0.3710013363167189
142 81 0.26298036320855
142 91 0.11003421662742419
142 100 0.38852476868255104
142 104 0.34787669322214565
143 117 0.267987682364473
144 82 0.24241686347960623
144 84 0.3455087538918308
144 110 0.2087781212085547
145 93 0.2661630861084546
145 100 0.2589390528068523
145 109 0.33851755117286564
146 90 0.20938481537527937
146 92 0.24241586926126948
146 94 0.26882438603036474
146 98 0.30508417266278626
147 81 0.30983237665006047
147 85 0.22573393940983152
147 92 0.28360138782741323
147 105 0.3626884193788572
148 92 0.2634102141871606
149 84 0.14420721909334266
149 94 0.1803286667000146
149 115 0.2920855166760161
150 88 0.26484845365900433
150 102 0.25443126340697564
151 82 0.16228701487766287
151 103 0.25182232852718167
151 105 0.3724716156141541
151 107 0.24536239385188544
151 108 0.11110040121007592
151 118 0.14510633370113493
152 89 0.2911338757845733
152 108 0.23929677643814848
153 85 0.26560971356753715
153 89 0.3042044157936783
153 97 0.24698188500608095
153 110 0.12156953669782461
154 108 0.38062049133004533
155 102 0.2331774289289199
155 107 0.23412672856268774
156 83 0.1452532735042803
156 86 0.22869028454731563
156 94 0.27697608275707025
156 100 0.35095013634694483
156 106 0.31055412589668585
156 110 0.22212806609696062
157 87 0.3210965637886501
157 112 0.13689073329980242
157 113 0.22008975173685555
157 117 0.2505448441431518
158 86 0.3688314175315479
158 104 0.2392113328182141
158 110 0.20529715473922394
159 85 0.21317520345076935
159 87 0.3144327838522417
159 113 0.2554453715208036
159 115 0.34346701285322867
160 100 0.2728333089577859
160 114 0.27006092181497465
160 119 0.10259101731162379
161 81 0.2026101508546365
161 95 0.36766898825727157
162 90 0.25657585952848583
162 103 0.12199350301471262
162 113 0.10526245931887201
163 81 0.31870037269531903
163 85 0.34882353059762616
163 107 0.2643735301812903
163 113 0.2084582315016867
163 114 0.25801827100721486
164 88 0.37401714863595237
164 91 0.1241716589396267
164 94 0.23604374742128553
164 100 0.2913906498989893
164 106 0.3689584741493412
164 115 0.23832740543460895
165 85 0.21130398080654914
165 115 0.25914258700811355
166 84 0.24854300234874693
166 91 0.26802573213433567
166 111 0.16062743193657686
167 81 0.3269756622645924
167 83 0.33827999971715605
167 103 0.2138452544008269
167 105 0.23510250652720197
167 109 0.3907962354179378
167 118 0.22133350118753387
168 80 0.3094050158118789
168 96 0.39264598229466385
168 117 0.24190554358042718
169 85 0.2503220693157383
169 99 0.3695961688243864
169 100 0.20104837635193873
169 105 0.2816045856092049
170 82 0.3213576014153541
170 92 0.23385697345906595
170 94 0.2249838854884204
170 113 0.2716811352467212
171 83 0.29971586870876527
171 103 0.3539550134743946
172 80 0.2918529094676487
172 104 0.3862354752091982
173 100 0.17516322521936578
173 107 0.2498587679446545
173 108 0.2568600534394573
173 116 0.1474978383910992
174 84 0.2754639618972377
174 96 0.31808372236214105
174 98 0.22070643181228167
174 101 0.20753088078906246
174 109 0.2569124130358985
174 111 0.2637177979729478
175 83 0.32132191872973853
175 91 0.23034011616285627
175 111 0.39057382115905637
176 83 0.18174483404108144
176 93 0.29532931481478086
177 82 0.26605239287739796
177 93 0.2748579090139821
177 107 0.3850096528115974
177 112 0.1812958764878299
177 118 0.20394281301244113
178 86 0.3001125923274896
178 109 0.1719008871873391
178 112 0.39564643526610954
179 82 0.12467010835822695
179 96 0.19148382235965006
180 80 0.3089582562346824
180 81 0.2696343705455354
180 87 0.24638295116226358
181 80 0.27305510910640274
181 83 0.29626333079427103
181 114 0.25233766545866676
182 91 0.27549258947490773
182 94 0.36291085269997325
182 98 0.37376848717806255
183 91 0.3951313585918469
183 99 0.20934959178968102
183 113 0.28993678360989367
183 116 0.17907604571373578
185 90 0.23121562356125436
185 117 0.3653097492059513
185 118 0.25990909312562527
186 113 0.25875445220594984
187 83 0.30075752717671383
187 107 0.21430442894363136
187 112 0.2739290700901389
188 87 0.12899157953595441
188 112 0.21240628041318335
189 94 0.2808129923903604
189 113 0.34016924797422793
190 92 0.24235153154753464
190 102 0.24220485630848074
191 90 0.2484097811964356
191 97 0.21391518095490278
192 97 0.2005723835184996
192 101 0.11765195852800582
192 107 0.17509508028114215
193 87 0.29090017187702183
193 96 0.23025149069520198
193 102 0.16948718960686754
193 107 0.2768867922312887
195 82 0.23330992921750138
195 87 0.3511044311897706
195 89 0.2998166995474534
195 93 0.3191067816338534
195 113 0.21419970022578663
196 80 0.2647293499567841
196 94 0.2702558200671693
196 116 0.3947746175107052
197 93 0.38910491492527255
197 100 0.2871968211359566
197 103 0.3553766798182679
198 110 0.24537529652884196
198 111 0.2973532061070715
198 115 0.19348302049605726
198 118 0.2688052627999549
199 89 0.20008962675851172
199 98 0.22979734760863682
199 100 0.14510731203415922
199 110 0.27468321263707685
40 0 622
120 1
121 1
122 1
123 1
124 1
125 1
126 1
127 1
128 1
129 1
130 1
131 1
132 1
133 1
134 1
135 1
136 1
137 1
138 1
139 1
140 1
141 1
142 1
143 1
144 1
145 1
146 1
147 1
148 1
149 1
150 1
151 1
152 1
153 1
154 1
155 1
156 1
157 1
158 1
159 1
0 128 0.27270579445633003
0 154 0.21469783086039043
0 156 0.3864696635454837
1 131 0.3934761579331523
1 135 0.3518839254429964
1 139 0.21100132376989805
1 153 0.2301417290163862
1 154 0.22614264794654848
2 133 0.1371543545148943
2 144 0.3673776050825331
2 148 0.2087287430161708
3 128 0.1931504311859597
3 156 0.2230085402006447
4 127 0.197256589583026
4 146 0.35899257359177794
4 156 0.21831174856268934
5 133 0.3237277714579244
6 157 0.14628630272399423
7 135 0.2725604651374398
7 139 0.24750362056843275
7 147 0.34890755408425145
7 151 0.3698696814910748
8 134 0.29205252130236437
8 136 0.2781983267777609
8 147 0.17654838921283272
8 148 0.39825179939443167
9 135 0.24605526467236377
9 141 0.2639384609514107
9 152 0.2845753858624459
10 120 0.2612362768752384
10 124 0.37148440139015493
10 125 0.2928976811311451
11 127 0.21071394841225866
11 129 0.29559150783104327
12 136 0.2509683131744035
12 145 0.14685574109801125
12 151 0.2464285126103397
12 153 0.1781633606471451
12 155 0.26880454201740256
12 157 0.29763746691925025
13 126 0.2889383225550053
13 133 0.3456645624818009
13 136 0.13988958231807525
14 136 0.35601435096505324
15 125 0.2900179181735487
15 128 0.18409695452298946
15 133 0.24397084055015883
15 153 0.21235238023424982
15 154 0.1384393815043881
16 130 0.3092900095822766
16 148 0.37469463184717244
16 156 0.39338133600996766
17 139 0.2338977996498997
17 144 0.11512445934460931
17 156 0.10429595176741309
18 140 0.25481934530877876
18 146 0.23786165254321132
19 122 0.1618512318034884
19 143 0.3175554546688508
20 149 0.1869042558462176
20 150 0.24498041872454368
20 153 0.285353031898492
20 158 0.23466628521264568
21 159 0.3060011587080099
22 120 0.23336874284954168
22 121 0.2477829051460238
22 131 0.2801439923988333
22 150 0.36695044251272935
23 123 0.28533292537848737
23 133 0.3583208268472763
23 141 0.21005765312656097
24 129 0.26726020450972554
25 127 0.2650046906990387
25 139 0.21222670134447552
26 129 0.16216203509970456
26 130 0.28648932160550755
26 154 0.3868251589815395
27 131 0.2804499364966484
27 150 0.29710631311182467
28 143 0.27124499267635716
28 150 0.2337225429011716
28 154 0.3647481924771183
29 130 0.29218793030269163
29 146 0.27217082644600804
30 121 0.13193564712315484
30 122 0.28669681591413093
30 134 0.237939192976988
30 136 0.21445202503835928
31 121 0.22806724878136742
31 153 0.3073386528029567
34 120 0.38868400780608625
34 122 0.20020920273622175
34 127 0.20005188942505092
34 136 0.33096148825365057
35 134 0.1960724291662712
35 157 0.22332184559065624
36 126 0.3884520575543937
37 130 0.2669482969420601
37 140 0.1679101967917302
37 157 0.2773824721264886
37 159 0.3352097723358834
38 125 0.29588297278879083
38 130 0.219096574753745
38 138 0.38177326181858195
38 140 0.31418183620692103
38 146 0.29860679097474413
38 154 0.22106638200723214
38 157 0.2941918339500992
39 134 0.2991305202508356
39 142 0.2753280008991286
39 153 0.38049899215173866
40 120 0.25261472699677856
40 126 0.29496104835542525
40 130 0.3503885059662377
41 123 0.3060655316469926
41 124 0.1770908958542366
41 125 0.32033506393165845
41 153 0.23020593456915361
42 120 0.2133401793857695
43 128 0.24690504826042858
43 129 0.21267107614550002
43 146 0.284344848529199
43 155 0.2681490387867657
44 123 0.2562614460494887
44 124 0.3184344465135097
44 146 0.3614422311737416
45 127 0.38391431802968595
45 129 0.3690243585346209
45 143 0.2770100631759942
45 146 0.29494296099972245
45 159 0.3628642373190572
46 148 0.376320126689874
47 133 0.245121331047332
47 151 0.34490534378779913
47 158 0.217182382375109
48 145 0.14080015948276184
48 151 0.25767250106169065
48 154 0.35958590812484004
48 155 0.1105473377959168
49 122 0.15078920052708222
49 127 0.3112511121582999
49 143 0.27379062284618416
49 153 0.2887859595864533
50 128 0.37875154252665966
50 132 0.2446342223561688
51 120 0.10839719768658285
51 126 0.13614239680343163
51 137 0.347596648216453
51 141 0.34047651216778463
51 148 0.1821665147633556
51 153 0.26956463799635766
51 156 0.23610130864731818
52 122 0.2852978531324083
52 130 0.2254687594337449
52 145 0.27538916028128146
52 152 0.24573781226218608
53 135 0.3629375464622361
53 136 0.23519877843012338
53 149 0.28509088491396495
54 123 0.2436022242475975
54 136 0.34727187129653014
54 157 0.2640037641687609
55 129 0.24385768968953592
55 130 0.10776617630378771
55 136 0.17165576659540177
55 137 0.3685809522515049
56 127 0.21381521252449553
56 132 0.36249109827779985
56 142 0.21995984173547917
56 158 0.23532774957030547
57 131 0.3397994334728073
57 145 0.3446892034523168
57 148 0.11761873979055905
57 153 0.20015251649136592
58 124 0.2820337120995951
58 144 0.32605713120020086
59 135 0.29891849184194663
59 148 0.29132454258865337
59 149 0.21976369890973257
59 159 0.2556720140107544
60 124 0.2796446821033432
60 128 0.3516818609748188
60 129 0.2954915027599609
60 137 0.1949837028865533
60 149 0.1623936814694107
62 128 0.29356360317549585
62 156 0.25482121889603726
63 125 0.2935562238967409
63 129 0.34706111215492574
63 149 0.28150408593881393
63 152 0.2622658184710231
63 159 0.37755509749656385
64 120 0.37713585812162254
64 122 0.37073206552327287
64 141 0.20636191894269257
65 121 0.22081229440621983
65 123 0.20522328427958744
65 134 0.27428738154818066
65 151 0.20254884870502748
65 155 0.3143356540793947
67 149 0.29799925609203126
67 157 0.21345815708531557
68 120 0.21144259152997452
68 122 0.35206937956333484
68 138 0.2706199306582914
68 142 0.209214256962428
70 136 0.3981628915308832
70 150 0.20764308054877628
70 156 0.276636470032847
71 137 0.2483948039273882
71 139 0.21075688631430156
71 157 0.34912233644900104
72 133 0.2651921073603912
72 138 0.294830027001059
72 145 0.12122378609760501
73 143 0.3314725553833575
74 122 0.2707631199926574
74 123 0.2686627116601169
74 134 0.39091112514886767
74 141 0.2862263302637005
74 147 0.2890155232371602
75 145 0.2917076463191781
76 124 0.2248389852915828
77 123 0.37679681660069586
77 127 0.3113015615913595
77 151 0.27408145201977213
77 153 0.3303179601476014
79 122 0.21518782473371562
79 129 0.38178229978334
79 148 0.22081604384794032
80 128 0.31492980651255364
80 159 0.20086356946715095
81 125 0.2830492539535229
81 126 0.24422818768092447
81 135 0.22460343084044954
81 147 0.3330766610679208
81 148 0.13183978216107586
81 158 0.15785037873245755
81 159 0.35362442972877994
82 122 0.27873382006951586
82 129 0.20082399592917904
82 144 0.32944505055283946
82 149 0.22302299531956254
82 157 0.10470790450854627
83 136 0.23277643695435563
83 137 0.3058288715565935
83 146 0.247797269936281
83 147 0.2235242288554835
83 150 0.26482381311361963
84 128 0.24028086535378762
84 134 0.21242514620397313
84 143 0.2206703044858801
84 158 0.24086021617269882
85 133 0.24357682816772813
85 143 0.25142413618320414
86 128 0.272702018695859
86 141 0.11543119359491755
87 125 0.2363377153230202
87 127 0.329811092772622
87 135 0.39095430698913247
87 138 0.14156052606148894
87 141 0.2517995384314349
87 149 0.2189316616259003
87 155 0.3113443581793287
88 124 0.29013414739234866
88 134 0.30072806024216153
88 145 0.1465420277755949
88 151 0.15071935285868965
88 155 0.19919860162214523
89 121 0.3525953261265703
90 139 0.13760700901436018
90 142 0.25756266584339665
91 138 0.2712273727035351
91 155 0.26231696152705014
93 128 0.11346239542470703
93 131 0.32099955793028556
93 139 0.24776103890381285
94 124 0.3236282745779049
94 129 0.17118715605767093
94 130 0.293066052793102
95 147 0.22463601508151868
95 148 0.24606407541251418
96 142 0.23046463059657074
96 158 0.3315099086167419
97 131 0.2045115547886768
97 141 0.2215942074686641
97 153 0.3843585839950029
97 158 0.2976294573719991
98 130 0.23740847126694256
98 145 0.2775839789767939
98 148 0.36431993100798454
99 144 0.20729599897424403
99 150 0.1486126110434678
99 153 0.32536162789276823
100 138 0.2781912336218224
101 141 0.3036840479161764
101 151 0.38995227857419673
101 159 0.3972867866222437
102 122 0.29884388373880133
102 125 0.1435648952065005
102 132 0.23167562148788173
102 133 0.22367633864254632
102 139 0.2788234124720732
102 143 0.1828705111138695
102 148 0.3738252633121262
102 151 0.21628512757834478
102 152 0.217526833111675
103 137 0.33180015103051785
103 138 0.2676709166175366
103 151 0.257222168037495
104 158 0.234074096631048
105 133 0.3071214228225454
105 140 0.25138642066931266
105 146 0.15725901999195502
105 147 0.3306235512573138
105 152 0.26071076230972473
105 159 0.24829180812818433
106 140 0.37324366736696013
106 142 0.3222895678729682
106 144 0.30580373372805597
107 123 0.3094530094505308
107 136 0.22137976829770184
107 138 0.29920977510185187
107 154 0.28952326070446577
108 132 0.32922683058914337
108 142 0.29808346904977945
109 131 0.3763023783250007
109 147 0.21794850098174448
109 158 0.20807135174072644
110 134 0.3252366931225743
110 142 0.27478701608815087
110 148 0.3027368102798804
110 152 0.3068179763322421
110 157 0.16514864774582846
112 127 0.14456595126770821
112 135 0.2654775706694491
112 158 0.30777629595014633
113 120 0.21501613712817008
113 122 0.21536038817009595
113 146 0.13543344441970728
114 132 0.3880262751276725
114 133 0.2843996609055275
114 140 0.28247953977007473
115 124 0.17019852031723767
115 155 0.2834822580299905
116 122 0.3484443721236969
116 148 0.33383970861619117
117 137 0.30776977665920424
117 140 0.21700802928051746
118 138 0.2308654922868857
118 151 0.20803448317485446
118 159 0.1654274930334893
119 121 0.3783459549567417
119 125 0.32321549338349204
119 126 0.1598736905805347
119 143 0.244907476281665
120 122 0.3029133833918665
120 139 0.18270229924127307
120 142 0.3792383615010073
121 122 0.10714432914663495
121 138 0.246638809742878
121 143 0.2378386716597578
121 158 0.183505247063846
122 122 0.3019198772360179
122 154 0.3902738486399685
122 156 0.2666660769458694
123 129 0.3431696112878706
123 137 0.2170170669618776
123 141 0.3003975616451683
123 158 0.2218248100179259
124 123 0.29485955229787747
124 128 0.3246468242744582
124 153 0.22031248318436575
124 156 0.2816394898474657
125 131 0.2487200157796952
125 143 0.22531738092473752
125 153 0.21159043387729828
125 158 0.1690430088671907
125 159 0.3956250301904135
126 123 0.1315224623417841
126 146 0.32320931627558036
126 152 0.34991907038769254
126 154 0.3725417309774537
127 123 0.28017294649102537
127 143 0.3251496379064963
127 146 0.12429992172871501
127 148 0.2812804651743846
128 138 0.28205463991041346
128 140 0.2237010068019647
128 142 0.3513681880634567
128 144 0.30682725442722103
128 146 0.2079254152599262
128 148 0.26747938796464044
129 136 0.1446114699683806
129 141 0.2735534237612763
129 156 0.2308276195350503
129 157 0.3372969947440383
129 159 0.39548116144537393
130 122 0.3631099839253583
130 139 0.26416668604347426
131 122 0.29301447487866034
131 123 0.36964594359045044
131 130 0.15907213447102247
131 143 0.25256247080410504
131 146 0.1373508482485878
131 147 0.3313687611459625
131 152 0.29231606496127704
132 134 0.3609768726724074
132 136 0.22478628536685308
133 120 0.2730128335969868
133 147 0.27443172854187564
133 149 0.2801589729809344
134 141 0.10670761337430326
134 144 0.2285273979012985
134 150 0.20660519082508993
135 130 0.16634854384837355
135 135 0.28240820214109075
135 145 0.24484387094474794
136 132 0.3075944915916034
136 144 0.23832826900507897
136 154 0.36086383571474656
137 121 0.35923123923292366
137 122 0.18928321343603394
137 123 0.262787607511325
137 143 0.36239797623486303
137 147 0.32150024673765737
138 130 0.3513635454274532
138 140 0.3206149329434362
138 149 0.28597531735767584
139 128 0.2619304258095
139 131 0.3701569386837906
139 136 0.11648997707756727
139 143 0.23248657294047065
139 158 0.11595568347082671
141 123 0.398570547155485
141 151 0.3665358008785171
141 155 0.2705155468028892
142 125 0.25730833726067925
142 127 0.18785473468103378
142 133 0.18094375793805587
142 136 0.3727023032598852
142 148 0.2832383299990464
142 150 0.39670230231875714
142 151 0.25889224260993
142 157 0.2337257174108508
143 124 0.278716826857203
143 125 0.24258696046395872
143 130 0.26096642326670016
143 142 0.15741154738403795
144 139 0.2522167107109132
144 145 0.23318133509406247
145 126 0.2607388932761685
145 128 0.2816082930045597
145 131 0.2029439231595345
145 132 0.2527792677852856
145 146 0.21233975547430456
145 149 0.3236036846948588
145 155 0.35883268565315807
146 158 0.31217094475284757
147 148 0.13719706486094518
147 155 0.2641217676262139
148 133 0.2758045211294218
148 134 0.3270611245589049
148 139 0.22493367790583474
148 142 0.343526290070829
148 144 0.29497708276502554
148 151 0.2321011056830533
149 123 0.2069872971073081
149 127 0.2127793381550448
149 137 0.3000598255493747
150 130 0.2680571526144814
150 151 0.13161569758212494
151 154 0.18805934221064335
152 150 0.3122142622779063
152 159 0.16051558364917112
153 149 0.30672781020551226
153 159 0.23285751338580124
154 125 0.24102712564479065
154 159 0.2384683629906646
155 124 0.2233956936135752
155 125 0.309647318895596
155 132 0.10595403305386233
155 138 0.13681169753008124
155 145 0.2338594843760507
155 152 0.18655111543761918
156 136 0.21164117127632917
156 157 0.1521716965825036
157 150 0.28066603571605714
157 157 0.26995063865094887
158 128 0.2512720325028231
158 136 0.30824469461918
158 152 0.25194114701687265
158 155 0.2553271117087814
158 156 0.2281526121994787
159 151 0.20122913626374897
159 159 0.38525918832094774
160 134 0.3086760613261141
160 138 0.35316109161233006
160 142 0.27907170303626344
160 153 0.22204113272006323
161 153 0.3418752960272744
161 156 0.2540000759529086
162 122 0.3399481361059302
163 129 0.3503304976367073
163 138 0.11762069416629356
164 148 0.3930730740962117
164 159 0.13187170233407242
165 120 0.23908260649099794
165 122 0.11018982781429015
165 151 0.27875700162150163
166 130 0.3201592247099624
166 132 0.21148815884417602
166 157 0.20066439133706074
166 158 0.21566866155874842
167 123 0.20977889569728428
167 152 0.2811433635799672
167 154 0.24141471745483745
168 142 0.2011990305232784
169 153 0.31802285744060566
170 121 0.21130061918081958
170 127 0.20452521362982717
170 142 0.3887764611850989
170 146 0.3211201001377665
170 147 0.1844262639213446
170 156 0.3407128161514484
171 144 0.1339786233433371
171 153 0.29040223311195273
172 123 0.22920487564308334
172 156 0.35587327079048914
173 134 0.14855886562335258
173 146 0.15497613955566691
174 120 0.2452136403573035
174 126 0.28090103618282236
174 130 0.20762835609736735
174 143 0.18427459384732764
174 152 0.3718738345216384
174 156 0.2675631788273294
175 120 0.12492581440283171
175 125 0.2831764198164775
175 138 0.13729379055438942
175 155 0.391496438041352
175 156 0.26423497092577175
175 158 0.27106942649652677
175 159 0.3762996470827933
176 137 0.2781582618578973
176 150 0.2764160253182162
176 153 0.14813056521073142
177 150 0.23692747549144824
178 124 0.36550113720819577
178 129 0.13207444490010387
178 131 0.13770056415845253
178 152 0.31560576779881583
179 133 0.3035694551361957
179 135 0.38990643935868036
179 138 0.22406922117546274
179 139 0.2968622258675798
180 128 0.23861925516620666
180 137 0.16985414427884454
180 139 0.15880648257906024
180 140 0.20933491560386308
181 125 0.2166723872212988
181 130 0.10681245747516338
181 150 0.23046065471412633
182 138 0.2895923949675836
182 157 0.29239489446567324
182 158 0.27254514481894576
183 129 0.2853608412228729
183 145 0.21095533929346866
183 151 0.24510822348228142
184 134 0.21164832910819817
185 128 0.1595754767776667
185 138 0.12044999993221094
186 120 0.32402446554405895
186 129 0.2879732783785077
186 145 0.18165835582554998
186 156 0.39204200546361095
187 129 0.3747444977441111
187 133 0.26410024529136283
187 135 0.28730388615491476
187 141 0.23107422678983022
187 158 0.16173415378091366
188 123 0.17476805327704548
188 146 0.3335018635743483
188 147 0.1258529148904259
189 124 0.20464552336285105
189 131 0.3198803061031183
189 135 0.3118879303025017
189 140 0.21242436636623513
189 141 0.2210163808253009
189 149 0.21554184426737844
190 142 0.33845290210862944
191 124 0.17254034707932264
191 125 0.3579172588520453
191 143 0.24298696462042557
191 145 0.35838130095906423
191 150 0.2343643131819498
192 142 0.23989572950754856
192 150 0.3175560448410274
193 121 0.2051291741795188
193 123 0.3311505796938714
193 128 0.17611903245997917
193 136 0.12980714547522854
193 139 0.2152983204934166
193 144 0.24070862625024145
194 138 0.3877196102113706
194 139 0.14340458414791007
194 153 0.1764419954835335
195 124 0.2404781443157984
195 147 0.22946486859963974
196 134 0.3748534913754993
196 145 0.14705268093888232
196 146 0.25984561166420234
196 150 0.2927082996848608
197 150 0.19553325449272602
198 123 0.2103173831851443
198 125 0.23955939976935178
198 144 0.2002600122537876
198 153 0.2896905020133783
199 131 0.2632902148265995
199 136 0.13284417463924747
199 137 0.32525425454718104
199 140 0.17252748150712258
40 0 608
160 1
161 1
162 1
163 1
164 1
165 1
166 1
167 1
168 1
169 1
170 1
171 1
172 1
173 1
174 1
175 1
176 1
177 1
178 1
179 1
180 1
181 1
182 1
183 1
184 1
185 1
186 1
187 1
188 1
189 1
190 1
191 1
192 1
193 1
194 1
195 1
196 1
197 1
198 1
199 1
0 178 0.27360724025068667
0 180 0.32833094932645
1 173 0.26359114887278157
2 178 0.21272091640706495
2 180 0.36800607811587627
3 185 0.3796396879722198
3 190 0.29848735400558457
4 160 0.2196383837872736
4 165 0.2406334123848421
4 166 0.3984494332339178
4 182 0.22337943299458687
4 183 0.1181487515850874
4 185 0.12401251777004994
4 190 0.20690763701954276
4 198 0.23754113241662472
5 163 0.2685450366400006
5 174 0.18774149773269483
5 184 0.11787813457186663
5 185 0.3260898317290154
5 195 0.3829143324133736
6 167 0.11758404445693701
6 181 0.28920438333789544
6 189 0.1575795775165601
7 167 0.2538221753603022
7 172 0.25618203034719256
7 177 0.20437766066794807
7 188 0.23956665384627354
7 189 0.3171828924638158
7 191 0.2675343034698861
7 199 0.34892837695918477
8 165 0.2241457499752838
8 175 0.17285998971018518
8 182 0.39054475109883774
9 176 0.2059159452076067
9 186 0.11466276740854854
9 190 0.21477548254587775
10 162 0.2725343085921295
10 166 0.36039534662694783
10 190 0.28991266198128335
10 197 0.11347591380450522
11 161 0.377781353176989
11 175 0.34886837638373047
11 184 0.11257649108088524
12 167 0.22453959034389737
12 188 0.2793251630470423
13 163 0.20546093476209695
13 164 0.258273458193378
13 173 0.34433600724935964
13 186 0.28455055776447435
14 161 0.1736800348364353
14 187 0.12693302441846321
14 190 0.3955775501682969
15 163 0.2475356034803368
15 165 0.3780417021421537
15 172 0.22406812866080933
15 187 0.3962783098822177
16 164 0.3616583186550941
17 162 0.1570377480428517
17 163 0.2521999899064231
17 165 0.2386625334963777
17 181 0.2570400951120401
17 196 0.1050475672673653
18 178 0.28825266156728235
18 186 0.24269709102659376
18 198 0.25653908149689886
19 174 0.11569608780367024
19 186 0.2728463550961032
19 192 0.16705339279092257
20 164 0.22484133117385616
20 170 0.290482882728773
20 186 0.26700132435639334
22 191 0.19842251612548914
23 163 0.36461841494591396
23 168 0.2307769645636853
24 176 0.2853218883744613
24 180 0.35675198947064324
24 184 0.39702271111625576
24 187 0.22979464238491798
24 189 0.10985021106936461
24 190 0.2297990498376561
24 197 0.14071335635545984
25 161 0.3043567890136321
25 192 0.2859888430035774
25 194 0.1769752388447371
25 195 0.3407357749491847
26 166 0.2745693058439287
26 168 0.31334446888792383
27 174 0.28834299287816434
27 189 0.3253904955433432
27 192 0.22830624160161744
27 195 0.23816243062808323
28 188 0.34385299550646
29 160 0.2051423308784147
29 164 0.29177684901222917
29 171 0.29263100914968077
29 184 0.18515065812235604
29 185 0.28917190411494115
30 164 0.2904874556350225
30 165 0.29778709147271804
30 184 0.31635474125233476
30 196 0.2539729989231332
31 177 0.3264392885922175
31 183 0.31797788040402064
32 171 0.10893563381068974
32 174 0.3938809162394122
33 165 0.3394993733349564
33 179 0.3702610023618388
33 181 0.20669155192208452
33 182 0.22297949228833283
33 187 0.33447686216262495
33 188 0.24366614613976972
33 191 0.3605811480457758
33 198 0.16454398711832316
35 187 0.28044848189642263
36 160 0.3907756926262102
36 161 0.2041898281080398
37 190 0.23813058954492008
38 182 0.3097739405074649
39 163 0.2288606771601673
39 165 0.23628940652712152
39 181 0.30839398931641004
39 193 0.3879617244262713
40 160 0.3317176759333488
40 192 0.3393909405777372
40 197 0.27606497086365556
41 162 0.28433155887637396
41 188 0.1283140298100094
41 198 0.22995655826395986
42 164 0.38335431148352184
42 175 0.25061555878818964
42 189 0.26734830094057616
42 194 0.21678168198166162
43 175 0.23621119624725426
43 194 0.15877735257155845
44 166 0.3159124601127893
45 181 0.2682245644730181
46 164 0.274317640590394
46 194 0.30569382105802967
46 196 0.34624351427710065
46 199 0.1574164667950891
47 192 0.19467592932277916
47 198 0.2798145172312538
48 175 0.11022230869037708
48 188 0.3962127958658825
49 163 0.21577421881274084
49 171 0.36978597337677266
49 176 0.16828464774655402
49 183 0.3001164009765961
49 194 0.11585252961080131
49 198 0.29988249082503854
50 160 0.20761798288711242
50 165 0.2501334889177649
50 171 0.2887249362956721
50 184 0.2230378130426554
50 191 0.2625260334508289
50 196 0.295509800812236
51 166 0.14979763836403323
51 197 0.23508306469311688
52 164 0.24926303231597605
52 173 0.22908806075022103
52 184 0.2929695486185374
53 163 0.3515483663612563
53 168 0.15692605485839822
53 170 0.18196184593870696
53 173 0.22948799038937384
53 179 0.37379427859039227
54 178 0.24742222878671022
54 180 0.3284748270352512
54 198 0.23951140437618612
55 165 0.20957929873644993
55 174 0.26523804742446067
55 195 0.2098345653516771
56 160 0.21699897929491208
56 168 0.28151043715099633
56 194 0.3015535179520208
58 180 0.3046949010248853
58 195 0.2784533950454005
59 160 0.29061300421282044
59 173 0.3612416780578557
59 174 0.26178165782766283
59 175 0.3468028109895358
59 183 0.24237897593948565
59 195 0.24095114383061988
59 197 0.35478994602784386
60 186 0.24164237961837626
60 192 0.27318726361327395
60 194 0.38675501397579193
61 171 0.25856947207899
62 178 0.3586459510401805
62 190 0.2932873913108396
62 194 0.23993187521401932
62 197 0.10679344681336525
63 165 0.20186599409079373
63 167 0.21206010650051665
63 168 0.13020540306663583
63 182 0.16731054213929775
63 189 0.37508415765465386
63 194 0.18208032515226036
64 180 0.3442674974208155
65 162 0.1567916244979761
65 167 0.21650888600135823
65 177 0.32547433692412386
65 178 0.11309159261128986
66 173 0.29748187689589684
66 178 0.32269313853401693
66 183 0.2907942659358433
66 185 0.11870737650344568
66 192 0.25674086956394776
66 198 0.36477432586093483
67 165 0.31002300768332774
67 181 0.22885318603431098
67 183 0.3672504471401348
67 197 0.27121407398819175
68 166 0.3479458578946032
69 167 0.22239073028575634
69 181 0.2386461011703829
69 186 0.13646115574819012
69 193 0.3917390533815439
69 194 0.10609439632489631
70 184 0.3249050161097557
70 198 0.2728225879070704
71 186 0.17760293528504456
72 166 0.20357366856867298
72 192 0.3679212952571467
73 177 0.3347503620221456
73 187 0.2188255824162395
73 195 0.31784734266209985
74 160 0.28042560427245466
74 170 0.2538030655930903
74 178 0.28307726504108766
75 165 0.31943622686699225
75 169 0.27278359475817754
75 184 0.14155739270091394
75 187 0.27938111272899363
75 197 0.21692248500852684
76 174 0.3948272428353571
77 172 0.15165130876561958
77 175 0.2359524174589104
77 179 0.2412079779153991
78 177 0.1510195510496845
79 172 0.26554071803910684
80 165 0.20977703474557308
80 176 0.398524024331867
80 177 0.27750072085162913
80 196 0.20635496207795267
81 170 0.11626446211060401
81 190 0.28846876543728706
81 191 0.39012257272200623
81 195 0.323027491493206
82 171 0.11953620855943797
82 176 0.28223489770869237
82 180 0.37412922093309287
82 184 0.3909278045575662
82 187 0.28637144167501016
83 171 0.36000965633610693
83 172 0.19253818803562658
83 183 0.2542846294510605
83 186 0.1855557905746082
83 187 0.24596269393746675
83 188 0.10185664372924047
84 180 0.22618280547741942
84 189 0.14137714081626182
84 194 0.24224817466612658
85 160 0.2025638758910088
85 165 0.3087342712493364
85 167 0.3018172696694471
85 175 0.3937390651907799
85 181 0.26549412634100034
85 182 0.17530126007543367
86 172 0.3219872575906596
86 179 0.1806265848395349
87 169 0.3566653065764016
87 191 0.32491322977304726
87 197 0.21405371963760314
89 179 0.2224933714460644
89 187 0.3971919123982437
90 176 0.3478981170516313
90 178 0.2252216487748289
90 197 0.23476290726640128
91 193 0.3690402769254656
92 172 0.2363519424546448
92 186 0.2486236940409226
92 191 0.16775506956032488
93 184 0.17309536244979878
93 187 0.3925817460186306
93 195 0.3164586026752617
93 199 0.34769689661392744
94 164 0.26468616559157243
94 191 0.10523073418535732
95 160 0.21198688966438484
95 168 0.11670410399714772
95 198 0.23509625753497676
96 190 0.2565645935269282
97 161 0.28683414136018304
97 191 0.20817683348768995
97 195 0.2398294278837486
98 173 0.2162465462507414
98 174 0.3594618961832449
98 176 0.3867188807408026
99 175 0.2598157063792451
99 179 0.31956175925739777
99 189 0.345181662360018
99 194 0.2923140354045499
100 183 0.2669536228442807
100 184 0.22983816668070692
101 164 0.1166256494392455
101 165 0.34927411443728196
101 174 0.23560751689914286
101 175 0.22451534744477533
101 181 0.33444065634889286
102 163 0.15855005751031975
102 171 0.19236198277972377
102 185 0.18227064064447224
102 190 0.33416052931958007
103 181 0.24386219127267617
103 195 0.29953963389915655
103 197 0.2713776285271402
105 160 0.24199844701651643
105 169 0.3470450515018455
105 181 0.3514694450949396
105 183 0.38560673064000683
105 190 0.18386483381322707
105 191 0.3320946154101688
105 195 0.35410376810562166
106 176 0.30029146547757707
106 183 0.2955205357954953
106 186 0.3455351596591507
107 177 0.33684832132310505
107 188 0.10413972413272105
107 196 0.15384360405214487
108 160 0.3435543638314169
108 174 0.22152742013651905
108 176 0.348535629796224
108 178 0.2370928150122813
108 193 0.20443157229175316
108 198 0.3525175757807949
109 163 0.26090548734929886
109 199 0.33117682356604894
110 161 0.17712366044437605
110 170 0.37432645120697094
110 171 0.18350761411602456
110 182 0.36402480804991555
110 193 0.11440007214126394
110 197 0.28341917494692725
111 161 0.3000408229476171
111 168 0.27077874683322156
111 176 0.23464106508064345
111 192 0.1849109575568828
111 193 0.33671649226626277
112 172 0.23605476755901714
112 174 0.36318152010768434
112 180 0.24740499924280746
112 184 0.32741066770042004
112 186 0.2776436093989656
113 161 0.34969006110581546
113 169 0.2875664901076469
113 173 0.2645138207689756
113 182 0.24248204125039183
113 193 0.3822405551069442
114 162 0.2770031661540827
114 164 0.3989314879485776
114 189 0.260370754341148
114 190 0.22689689961804113
114 196 0.31870853966134594
114 198 0.2633674292188107
115 176 0.1452202771046661
115 182 0.22320237958317074
115 188 0.12225217620841232
115 199 0.35489941192370067
116 164 0.397001860346945
116 166 0.30806276782251735
117 162 0.17210207242137263
117 179 0.3217916924031994
117 192 0.25004092329938765
118 185 0.2115067966281881
118 187 0.1602367361664548
119 163 0.24054604936340718
119 179 0.2775175942183418
119 185 0.3793608687925784
119 195 0.381250861446409
120 164 0.2742408841272187
120 165 0.21568946708091802
120 182 0.3046492763295682
120 186 0.3980182073775861
120 199 0.23076504616787244
121 185 0.3606934396351549
122 173 0.19308473152916716
123 168 0.29449165623046575
123 178 0.21251349593202165
123 179 0.23607910092838766
124 161 0.17150178461632923
124 174 0.26641549847726537
124 175 0.19119333065854982
124 186 0.3314777028537327
125 163 0.218462924920052
126 168 0.39968525133451205
126 198 0.33112447780055426
127 165 0.39967511478812484
127 190 0.19723993187211997
127 195 0.36598575644931935
128 160 0.342979477956992
128 168 0.23130885349160565
128 186 0.26941824588088953
128 196 0.3553344035519769
128 197 0.1363250750472242
129 161 0.2917659694062318
129 187 0.391892650504786
130 168 0.31975422870611103
130 183 0.16145307277233006
131 173 0.38995293003765036
131 177 0.2852783554460976
131 195 0.25989176813670445
132 166 0.2471171477396148
132 173 0.17591449655998093
132 176 0.20427997204849346
132 188 0.3476890286045268
132 193 0.23893783817261702
132 194 0.38597549078810367
133 179 0.3458278432742362
133 181 0.21561299293879468
133 185 0.3611742109768643
133 194 0.1570835628051495
134 165 0.11934965164870157
134 170 0.27281224129404075
134 179 0.26205867428030305
135 167 0.3705831936593488
135 187 0.2749081284417826
135 197 0.3911638739198061
136 167 0.24481584737799642
136 175 0.2012875106235258
137 163 0.3508792007182573
137 171 0.35262164286854014
137 177 0.23199372216979489
138 173 0.24058378521095275
139 161 0.3306383809922009
139 171 0.2380498109146938
139 181 0.24599965175263172
139 187 0.3363153872447559
139 193 0.24138407316413776
139 197 0.38080387208454125
140 177 0.1534723164297972
140 181 0.14823648935107567
141 182 0.2061002177005024
141 189 0.21479223904780803
142 174 0.3073015418905104
142 176 0.2669458328862559
142 179 0.18696199548395306
142 188 0.3017752200352525
142 195 0.23337305807423683
143 164 0.13738169390808516
143 171 0.351617983134184
143 188 0.19901970544362604
143 192 0.13145180407637727
144 180 0.23834216117641555
144 193 0.24242311654386603
145 163 0.3007886063248331
145 177 0.23837172893348316
145 187 0.3137824409051906
145 197 0.2338353938121143
146 164 0.21250628934209378
146 170 0.23597151959782042
146 173 0.22340113765299152
147 177 0.30139265401628657
147 180 0.1317123425424034
147 197 0.213948801106926
148 166 0.2860248632386101
148 174 0.3649154608735976
148 188 0.3381604034739995
148 191 0.1788426011510356
148 193 0.19580106179723214
148 194 0.24999124631958836
149 168 0.2527452524794279
149 187 0.22899349899224733
150 160 0.2875410322895544
150 183 0.11417766100344498
150 185 0.15798961178367654
151 168 0.13457376438011154
151 173 0.2667454024020065
151 199 0.3929314916318014
152 194 0.3715627807334347
153 169 0.2217887246435142
153 175 0.2823313827024675
153 189 0.3153375940339307
154 198 0.23501401810413441
155 169 0.23052330114314523
155 188 0.1107083284080437
155 189 0.307596390496493
156 186 0.324321718776234
156 189 0.2825278029470495
156 198 0.2705347399105411
157 192 0.29860451966137513
158 172 0.2547886571565042
158 179 0.26159612930607734
158 188 0.21030316313164416
159 165 0.2846556380615835
159 171 0.2044519759132078
159 193 0.3284263610592746
160 168 0.23013333053596738
160 172 0.2432198291312464
160 183 0.17398030783023233
160 193 0.10488104254840809
160 198 0.21604889554058374
161 186 0.28042375958544585
161 189 0.3779363824965959
161 193 0.311707400533343
162 174 0.37189116334586675
162 192 0.26361990111344835
163 170 0.10069839077407142
163 185 0.2846872367930923
163 191 0.21318798372380626
164 169 0.15053260334887508
164 188 0.2679233735538595
165 170 0.21134845551785225
165 179 0.2860363724107179
165 185 0.35133662745603633
167 171 0.21239594453140134
167 177 0.2601872442216052
167 178 0.2541737318580719
167 183 0.27347413634200757
168 171 0.19342571534009695
168 180 0.3011606619989645
169 167 0.24893148154050188
170 160 0.2001504488575206
170 166 0.25756398593076407
171 183 0.3848993354486659
172 177 0.26188217418882875
173 178 0.1687999890800524
173 179 0.36130008660018387
173 194 0.22684167323950144
174 189 0.17023026356184834
175 188 0.2855053016990479
175 191 0.2881260564341897
176 162 0.3261799113730559
176 176 0.29391388465138457
177 164 0.28557813660065834
177 173 0.2916084240490611
177 188 0.1678742752631643
178 167 0.13051646877964124
178 190 0.36865035861791906
179 170 0.2508135432237819
179 173 0.28820807702165774
179 183 0.25767689762552165
179 187 0.2058034330348309
179 188 0.198479889945474
179 192 0.2590463303436089
180 174 0.31273961284062074
180 189 0.29812934162518445
181 168 0.15533409896138156
182 160 0.34258574529675595
182 186 0.32717778090161764
182 189 0.2746578532853068
183 191 0.3132663123162672
185 161 0.34959500173645164
185 163 0.2566858471416581
185 165 0.21138695934636376
185 174 0.25213257533198385
185 177 0.3699690447366145
185 197 0.3088933600784536
186 164 0.3789287039009728
186 165 0.11808471632768508
187 176 0.15760494390420562
187 197 0.21030308621525629
188 175 0.1837357340241635
189 166 0.28217489240593396
189 182 0.18197295283852286
189 199 0.30001481979699574
190 160 0.22385643483392412
190 165 0.2192079236323023
190 174 0.21269944451022654
190 175 0.11337061351128633
190 176 0.2241274439159731
190 181 0.2992716742042798
191 167 0.3087811340759302
191 185 0.2409733731208319
191 197 0.30115494988166847
192 166 0.35723777190544787
192 169 0.21379144001763195
192 180 0.33858665690226736
192 181 0.13274122224155305
192 185 0.16927345511441236
192 186 0.2736304479206771
192 190 0.2307037713901996
192 198 0.39644807235422047
193 167 0.24691015954586645
193 172 0.16177027124102913
193 185 0.2004885115038878
193 189 0.35515343279110057
193 192 0.23474474654579203
193 194 0.17103967549008636
193 195 0.24262616798568704
194 173 0.1046721911499226
195 182 0.11508286768553427
195 189 0.3939409501311976
195 191 0.3243517176211084
195 197 0.23281198720096097
196 164 0.3016800444080707
196 171 0.187083099685292
196 179 0.16426062230609628
197 163 0.3590147067093781
197 165 0.27197333591222184
197 178 0.282657809841517
197 193 0.34112467221233334
198 163 0.15168697243321766
198 165 0.2403362861805138
198 182 0.23370330173527484
198 186 0.2332385212744896
198 188 0.22286607422115257
199 180 0.2757172813247788
