Enter number of batches:5
Enter the depth value:4
Clustering of initial graph done...

Graph size after batch 1 : 3520
---------------------------------------------------------------------------------
Confusion Matrix: 

146 0 0 0 0 0 2 0 4 0 
0 151 0 0 0 0 0 0 1 0 
0 0 133 0 0 0 0 0 0 19 
0 0 0 152 0 0 0 0 0 0 
0 0 0 0 152 0 0 0 0 0 
0 0 0 0 0 152 0 0 0 0 
28 0 0 0 0 0 119 4 1 0 
0 0 0 0 0 0 41 111 0 0 
3 0 0 0 0 0 0 0 149 0 
0 0 0 0 0 0 0 0 0 152 
0
merged size after 1 batch: 3520

Graph size after batch 2 : 3640
---------------------------------------------------------------------------------
Confusion Matrix: 

159 0 0 0 0 0 4 0 1 0 
0 163 0 0 0 0 0 0 1 0 
0 0 161 0 0 0 0 0 0 3 
0 0 0 164 0 0 0 0 0 0 
0 0 0 0 164 0 0 0 0 0 
0 0 0 0 0 164 0 0 0 0 
12 0 0 0 0 0 150 0 2 0 
0 0 0 0 0 0 14 150 0 0 
4 0 0 0 0 0 0 0 160 0 
0 0 0 0 0 0 0 0 0 164 
0
merged size after 2 batch: 3640

Graph size after batch 3 : 3760
---------------------------------------------------------------------------------
Confusion Matrix: 

169 0 0 0 0 0 0 6 1 0 
0 175 0 0 0 0 0 0 1 0 
0 0 175 0 0 0 0 0 0 1 
0 0 0 176 0 0 0 0 0 0 
0 0 0 0 176 0 0 0 0 0 
0 0 0 0 0 176 0 0 0 0 
0 0 0 0 0 0 2 174 0 0 
2 0 0 0 0 0 153 21 0 0 
0 0 0 0 0 0 0 0 176 0 
0 0 0 0 0 0 0 4 0 172 
0
merged size after 3 batch: 3760

Graph size after batch 4 : 3880
---------------------------------------------------------------------------------
Confusion Matrix: 

183 0 0 0 0 0 4 0 1 0 
0 187 0 0 0 0 0 0 1 0 
0 0 187 0 0 0 0 0 0 1 
0 0 0 188 0 0 0 0 0 0 
0 0 0 0 188 0 0 0 0 0 
0 0 0 0 1 187 0 0 0 0 
0 0 0 0 0 0 188 0 0 0 
2 0 0 0 0 0 9 175 1 1 
0 0 0 0 0 0 4 0 184 0 
0 0 0 0 0 0 5 0 10 173 
0
merged size after 4 batch: 3880

Graph size after batch 5 : 4000
---------------------------------------------------------------------------------
Confusion Matrix: 

193 0 0 0 0 0 7 0 0 0 
0 200 0 0 0 0 0 0 0 0 
0 0 199 0 0 0 0 0 0 1 
0 0 0 200 0 0 0 0 0 0 
0 0 0 0 200 0 0 0 0 0 
0 0 0 0 1 199 0 0 0 0 
0 0 0 0 0 0 200 0 0 0 
0 0 0 0 0 0 3 197 0 0 
0 0 0 0 0 0 4 0 196 0 
0 0 0 0 0 0 6 0 5 189 
0
merged size after 5 batch: 4000

---------------------------------------------------------------------------------
Confusion Matrix: 

0 0 0 7 0 0 0 0 0 193 
0 0 0 0 0 0 0 0 200 0 
1 0 0 0 0 0 0 199 0 0 
0 0 0 0 0 0 200 0 0 0 
0 0 0 0 0 200 0 0 0 0 
0 0 0 0 199 1 0 0 0 0 
0 0 0 200 0 0 0 0 0 0 
0 0 197 3 0 0 0 0 0 0 
0 196 0 4 0 0 0 0 0 0 
189 5 0 6 0 0 0 0 0 0 
