The D1 matrix is:
   0.0707        0        0        0
        0   0.1000        0        0
        0        0   0.0705        0
        0        0        0   0.1000

The D2 matrix is:
   0.0707        0        0        0
        0   0.0995        0        0
        0        0   0.0707        0
        0        0        0   0.1000

Normalized matrix An(=D1*A*D2) is:
   0.5000   0.7036        0        0
   0.7071        0        0        0
        0   0.0070   0.4988   0.7053
        0        0   0.7071        0

