The D1 matrix is:
[matrix size: 51x51; n_nonzero: 51; density: 1.96%]

     (0, 0)         0.6868
     (1, 1)         0.4915
     (2, 2)         0.4927
     (3, 3)         0.4446
     (4, 4)         0.4499
     (5, 5)         0.4152
     (6, 6)         0.6551
     (7, 7)         0.4939
     (8, 8)         0.6350
     (9, 9)         0.6537
    (10, 10)        0.5032
    (11, 11)        0.7495
    (12, 12)        0.4862
    (13, 13)        0.4623
    (14, 14)        0.3748
    (15, 15)        0.4709
    (16, 16)        0.4260
    (17, 17)        0.3987
    (18, 18)        0.5070
    (19, 19)        0.4291
    (20, 20)        0.4437
    (21, 21)        0.3984
    (22, 22)        0.6455
    (23, 23)        0.5717
    (24, 24)        0.4725
    (25, 25)        0.5680
    (26, 26)        0.5530
    (27, 27)        0.3934
    (28, 28)        0.4880
    (29, 29)        0.4839
    (30, 30)        0.5019
    (31, 31)        0.4778
    (32, 32)        0.5000
    (33, 33)        0.4200
    (34, 34)        0.4981
    (35, 35)        0.5793
    (36, 36)        0.4851
    (37, 37)        0.4531
    (38, 38)        0.5564
    (39, 39)        0.4800
    (40, 40)        0.5573
    (41, 41)        0.5431
    (42, 42)        0.5300
    (43, 43)        0.5480
    (44, 44)        0.5361
    (45, 45)        0.6455
    (46, 46)        0.5617
    (47, 47)        0.6120
    (48, 48)        0.4344
    (49, 49)        0.4735
    (50, 50)        0.5698


The D2 matrix is:
[matrix size: 51x51; n_nonzero: 51; density: 1.96%]

     (0, 0)         0.5116
     (1, 1)         0.5680
     (2, 2)         0.7625
     (3, 3)         0.5353
     (4, 4)         0.5617
     (5, 5)         0.5923
     (6, 6)         0.4211
     (7, 7)         0.4441
     (8, 8)         0.4076
     (9, 9)         0.6143
    (10, 10)        0.5530
    (11, 11)        0.4170
    (12, 12)        0.9129
    (13, 13)        0.4773
    (14, 14)        0.7474
    (15, 15)        0.4746
    (16, 16)        0.3651
    (17, 17)        0.6363
    (18, 18)        0.5538
    (19, 19)        0.4192
    (20, 20)        0.4226
    (21, 21)        0.4951
    (22, 22)        0.4303
    (23, 23)        0.3769
    (24, 24)        0.4909
    (25, 25)        0.6455
    (26, 26)        0.7857
    (27, 27)        0.4880
    (28, 28)        0.7956
    (29, 29)        0.3916
    (30, 30)        0.4574
    (31, 31)        0.4531
    (32, 32)        0.6166
    (33, 33)        0.4593
    (34, 34)        0.7198
    (35, 35)        0.5564
    (36, 36)        0.4531
    (37, 37)        0.3959
    (38, 38)        0.6594
    (39, 39)        0.4513
    (40, 40)        0.5407
    (41, 41)        0.6682
    (42, 42)        0.7474
    (43, 43)        0.4145
    (44, 44)        0.4039
    (45, 45)        0.3881
    (46, 46)        0.5882
    (47, 47)        0.4856
    (48, 48)        0.4550
    (49, 49)        0.5051
    (50, 50)        0.4574


Normalized matrix An(=D1*A*D2) is:
[matrix size: 51x51; n_nonzero: 280; density: 10.77%]

     (9, 0)         0.2575
    (18, 0)         0.1816
    (27, 0)         0.1429
    (30, 0)         0.1926
    (48, 0)         0.1978
    (13, 1)         0.2022
    (19, 1)         0.1755
    (34, 1)         0.2094
    (40, 1)         0.2754
    (14, 2)         0.2400
    (32, 2)         0.3355
     (3, 3)         0.1999
    (24, 3)         0.2226
    (27, 3)         0.1874
    (48, 3)         0.2046
     (4, 4)         0.2047
    (16, 4)         0.2034
    (19, 4)         0.1687
    (43, 4)         0.2493
     (6, 5)         0.2096
    (20, 5)         0.2102
    (32, 5)         0.2340
    (50, 5)         0.2430
     (3, 6)         0.1441
    (12, 6)         0.1802
    (24, 6)         0.1412
    (33, 6)         0.1326
    (36, 6)         0.1736
    (39, 6)         0.1678
    (48, 6)         0.1555
     (4, 7)         0.1439
     (6, 7)         0.0175
     (7, 7)         0.1777
    (13, 7)         0.1642
    (28, 7)         0.1950
    (46, 7)         0.2220
    (49, 7)         0.1872
     (5, 8)         0.1455
    (14, 8)         0.1146
    (15, 8)         0.0480
    (23, 8)         0.1864
    (26, 8)         0.1848
    (29, 8)         0.1755
    (35, 8)         0.1794
    (47, 8)         0.2220
     (0, 9)         0.3544
     (8, 9)         0.0195
    (15, 9)         0.2545
    (21, 9)         0.2154
     (1, 10)        0.2392
    (13, 10)        0.1840
    (28, 10)        0.2051
    (34, 10)        0.1956
    (48, 10)        0.0480
     (2, 11)        0.1767
    (17, 11)        0.1214
    (29, 11)        0.1736
    (32, 11)        0.1626
    (38, 11)        0.1903
    (41, 11)        0.1903
    (44, 11)        0.1923
     (4, 12)        0.0575
    (11, 12)        0.0684
    (33, 12)        0.3220
    (44, 12)        0.0587
     (1, 13)        0.1947
     (3, 13)        0.0573
     (7, 13)        0.2051
    (10, 13)        0.1753
    (21, 13)        0.0304
    (22, 13)        0.2218
    (49, 13)        0.1831
     (0, 14)        0.0975
     (5, 14)        0.2545
    (26, 14)        0.3224
     (3, 15)        0.1835
     (6, 15)        0.2239
    (30, 15)        0.2072
    (31, 15)        0.0590
    (33, 15)        0.1714
    (45, 15)        0.2635
     (1, 16)        0.1472
     (6, 16)        0.0359
     (7, 16)        0.1371
    (16, 16)        0.1229
    (19, 16)        0.1222
    (22, 16)        0.2098
    (26, 16)        0.0222
    (31, 16)        0.1413
    (37, 16)        0.1373
    (43, 16)        0.1701
    (46, 16)        0.1456
     (8, 17)        0.3515
    (38, 17)        0.2868
    (47, 17)        0.3076
     (9, 18)        0.3005
    (18, 18)        0.2106
    (27, 18)        0.1765
    (36, 18)        0.2337
     (1, 19)        0.1710
    (13, 19)        0.1512
    (16, 19)        0.1339
    (19, 19)        0.1529
    (25, 19)        0.1905
    (31, 19)        0.1683
    (37, 19)        0.1596
     (2, 20)        0.1561
     (5, 20)        0.1369
    (14, 20)        0.1251
    (17, 20)        0.1449
    (20, 20)        0.1519
    (32, 20)        0.1690
    (47, 20)        0.2095
     (3, 21)        0.1585
     (6, 21)        0.2789
    (21, 21)        0.1598
    (33, 21)        0.1767
    (42, 21)        0.2204
     (7, 22)        0.1785
    (10, 22)        0.1797
    (13, 22)        0.1452
    (22, 22)        0.2194
    (34, 22)        0.1543
    (40, 22)        0.1823
    (46, 22)        0.1764
     (2, 23)        0.1355
     (5, 23)        0.1268
    (11, 23)        0.2486
    (12, 23)        0.0202
    (14, 23)        0.1059
    (17, 23)        0.1112
    (26, 23)        0.1730
    (35, 23)        0.1572
    (44, 23)        0.1455
    (50, 23)        0.1611
    (15, 24)        0.1942
    (20, 24)        0.0544
    (24, 24)        0.1647
    (36, 24)        0.1833
    (39, 24)        0.1720
    (48, 24)        0.1812
    (16, 25)        0.2310
    (31, 25)        0.2498
    (49, 25)        0.2292
     (5, 26)        0.2936
    (44, 26)        0.3032
    (12, 27)        0.1969
    (27, 27)        0.1613
    (30, 27)        0.2008
    (33, 27)        0.1496
    (34, 27)        0.0486
    (45, 27)        0.2457
    (28, 28)        0.3144
    (37, 28)        0.2776
     (2, 29)        0.1717
     (5, 29)        0.1415
     (8, 29)        0.1965
    (14, 29)        0.1086
    (23, 29)        0.1791
    (32, 29)        0.1469
    (38, 29)        0.1830
    (41, 29)        0.1787
     (9, 30)        0.2213
    (18, 30)        0.1902
    (21, 30)        0.1585
    (30, 30)        0.1791
    (33, 30)        0.1402
    (48, 30)        0.1669
    (16, 31)        0.1371
    (31, 31)        0.1819
    (37, 31)        0.1704
    (40, 31)        0.1843
    (43, 31)        0.2185
    (49, 31)        0.1888
    (14, 32)        0.2057
    (33, 32)        0.0440
    (41, 32)        0.2545
    (50, 32)        0.2846
     (0, 33)        0.2713
    (21, 33)        0.1482
    (24, 33)        0.1584
    (27, 33)        0.1428
    (39, 33)        0.1874
    (42, 33)        0.1704
     (4, 34)        0.2591
    (21, 34)        0.0832
    (46, 34)        0.3396
     (3, 35)        0.0297
    (14, 35)        0.1501
    (17, 35)        0.1575
    (20, 35)        0.1802
    (23, 35)        0.2258
    (49, 35)        0.0632
     (3, 36)        0.1491
    (12, 36)        0.1851
    (15, 36)        0.1920
    (21, 36)        0.1426
    (27, 36)        0.1444
    (48, 36)        0.1555
     (7, 37)        0.1603
    (10, 37)        0.1614
    (16, 37)        0.1248
    (19, 37)        0.1206
    (25, 37)        0.1664
    (28, 37)        0.1565
    (40, 37)        0.1897
    (49, 37)        0.1668
     (5, 38)        0.2081
    (26, 38)        0.2662
    (29, 38)        0.2585
     (3, 39)        0.1465
    (12, 39)        0.1712
    (15, 39)        0.1913
    (18, 39)        0.1693
    (27, 39)        0.1456
    (45, 39)        0.2214
    (47, 39)        0.0497
     (4, 40)        0.2141
    (10, 40)        0.1986
    (25, 40)        0.2518
    (28, 40)        0.2058
    (42, 40)        0.0602
     (8, 41)        0.3267
    (17, 41)        0.1892
    (20, 41)        0.2253
    (24, 42)        0.2648
    (27, 42)        0.2323
    (44, 42)        0.1002
     (1, 43)        0.1589
     (4, 43)        0.1492
    (13, 43)        0.1686
    (19, 43)        0.1441
    (34, 43)        0.1838
    (37, 43)        0.1634
    (43, 43)        0.1795
     (2, 44)        0.1771
    (14, 44)        0.1362
    (17, 44)        0.1369
    (20, 44)        0.1523
    (23, 44)        0.1732
    (39, 44)        0.0582
    (41, 44)        0.1711
    (44, 44)        0.1754
    (12, 45)        0.1491
    (15, 45)        0.1352
    (21, 45)        0.1252
    (30, 45)        0.1461
    (33, 45)        0.1206
    (36, 45)        0.1675
    (39, 45)        0.1639
    (41, 45)        0.0358
    (42, 45)        0.1789
     (0, 46)        0.0929
     (4, 46)        0.2091
    (10, 46)        0.2516
    (16, 46)        0.2080
    (42, 46)        0.0592
    (17, 47)        0.1665
    (20, 47)        0.1896
    (28, 47)        0.0332
    (29, 47)        0.1951
    (35, 47)        0.2166
    (38, 47)        0.2054
    (18, 48)        0.2030
    (21, 48)        0.1595
    (24, 48)        0.1505
    (36, 48)        0.1920
    (39, 48)        0.1638
    (42, 48)        0.1809
    (19, 49)        0.1864
    (25, 49)        0.2123
    (31, 49)        0.1979
    (34, 49)        0.1937
    (37, 49)        0.1671
    (11, 50)        0.2743
    (14, 50)        0.1268
    (17, 50)        0.1514
    (29, 50)        0.1948
    (35, 50)        0.1934
    (50, 50)        0.2085


